500 8
600 13
700 14
800 15
900 17
1000 18
1100 21
1200 27
1300 29
1400 30
1500 31
1600 50
1700 52
1800 55
1900 38
2000 39
2100 42
2200 45
2300 55
2400 57
2500 60
2600 93
2700 93
2800 99
2900 101
3000 101
3100 69
3200 71
3300 73
3400 75
3500 76
3600 78
3700 80
3800 81
3900 83
4000 85
4100 89
4200 91
4300 94
4400 143
4500 114
4600 115
4700 119
4800 121
4900 130
5000 127
5100 129
5200 176
5300 131
5400 134
5500 135
5600 191
5700 139
5800 140
5900 140
6000 142
6100 143
6200 145
6300 147
6400 150
6500 150
6600 154
6700 156
6800 157
6900 160
7000 161
7100 162
7200 164
7300 167
7400 168
7500 170
7600 174
7700 176
7800 176
7900 223
8000 180
8100 191
8200 187
8300 290
8400 191
8500 193
8600 193
8700 197
8800 204
8900 214
9000 224
9100 233
9200 244
9300 247
9400 294
9500 253
9600 331
9700 257
9800 260
9900 263
10000 265
10100 267
10200 268
10300 272
10400 274
10500 278
10600 278
10700 280
10800 282
10900 284
11000 286
11100 289
11200 289
11300 293
11400 304
11500 296
11600 291
11700 292
11800 298
11900 298
12000 300
12100 302
12200 304
12300 372
12400 308
12500 309
12600 311
12700 314
12800 316
12900 318
13000 321
13100 322
13200 326
13300 328
13400 331
13500 330
13600 415
13700 335
13800 339
13900 342
14000 341
14100 342
14200 399
14300 347
14400 351
14500 376
14600 351
14700 355
14800 358
14900 363
15000 363
15100 364
15200 368
15300 434
15400 372
15500 372
15600 374
15700 378
15800 379
15900 384
16000 383
16100 383
16200 385
16300 388
16400 398
16500 400
16600 400
16700 405
16800 407
16900 411
17000 410
17100 408
17200 411
17300 511
17400 416
17500 427
17600 433
17700 443
17800 453
17900 482
18000 474
18100 481
18200 490
18300 500
18400 510
18500 524
18600 520
18700 624
18800 526
18900 529
19000 532
19100 532
19200 538
19300 537
19400 815
19500 545
19600 547
19700 547
19800 555
19900 557
20000 560
20100 560
20200 562
20300 564
20400 566
20500 571
20600 586
20700 577
20800 576
20900 578
21000 582
21100 584
21200 584
21300 585
21400 586
21500 591
21600 595
21700 607
21800 598
21900 599
22000 605
22100 604
22200 606
22300 605
22400 619
22500 610
22600 633
22700 623
22800 619
22900 620
23000 624
23100 629
23200 617
23300 615
23400 962
23500 970
23600 660
23700 1007
23800 986
23900 637
24000 647
24100 716
24200 637
24300 639
24400 639
24500 642
24600 647
24700 1017
24800 650
24900 662
25000 654
25100 665
25200 658
25300 660
25400 662
25500 663
25600 669
25700 671
25800 672
25900 675
26000 677
26100 680
26200 685
26300 686
26400 690
26500 693
26600 690
26700 704
26800 701
26900 697
27000 699
27100 744
27200 702
27300 714
27400 709
27500 714
27600 724
27700 720
27800 722
27900 724
28000 722
28100 722
28200 723
28300 735
28400 735
28500 731
28600 733
28700 741
28800 742
28900 745
29000 744
29100 743
29200 745
29300 750
29400 752
29500 757
29600 760
29700 764
29800 766
29900 766
30000 766
30100 767
30200 771
30300 772
30400 773
30500 977
30600 781
30700 803
30800 789
30900 810
31000 792
31100 809
31200 789
31300 1014
31400 801
31500 801
31600 803
31700 805
31800 810
31900 810
32000 814
32100 809
32200 819
32300 814
32400 822
32500 819
32600 826
32700 828
32800 855
32900 849
33000 854
33100 846
33200 849
33300 859
33400 862
33500 866
33600 863
33700 874
33800 874
33900 871
34000 870
34100 867
34200 867
34300 873
34400 875
34500 896
34600 875
34700 881
34800 937
34900 897
35000 904
35100 912
35200 918
35300 928
35400 942
35500 949
35600 958
35700 970
35800 986
35900 1000
36000 1004
36100 1007
36200 1018
36300 1021
36400 1033
36500 1045
36600 1052
36700 1069
36800 1083
36900 1088
37000 1101
37100 1112
37200 1096
37300 1099
37400 1105
37500 1110
37600 1107
37700 1108
37800 1110
37900 1113
38000 1116
38100 1121
38200 1118
38300 1118
38400 1121
38500 1123
38600 1136
38700 1129
38800 1137
38900 1140
39000 1150
39100 1153
39200 1155
39300 1154
39400 1160
39500 1159
39600 1164
39700 1234
39800 1170
39900 1169
40000 1176
40100 1175
40200 1180
40300 1179
40400 1178
40500 1183
40600 1196
40700 1185
40800 1191
40900 1188
41000 1198
41100 1204
41200 1204
41300 1204
41400 1207
41500 1218
41600 1480
41700 1214
41800 1227
41900 1325
42000 1219
42100 1232
42200 1225
42300 1222
42400 1222
42500 1228
42600 1227
42700 1234
42800 1232
42900 1236
43000 1240
43100 1248
43200 1255
43300 1252
43400 1313
43500 1282
43600 1257
43700 1260
43800 1260
43900 1264
44000 1265
44100 1272
44200 1271
44300 1277
44400 1275
44500 1275
44600 1282
44700 1277
44800 1281
44900 1281
45000 1282
45100 1293
45200 1352
45300 1299
45400 1298
45500 1298
45600 1301
45700 1299
45800 1319
45900 1308
46000 1311
46100 1314
46200 1312
46300 1320
46400 1294
46500 1307
46600 1297
46700 1298
46800 1300
46900 1307
47000 1309
47100 1316
47200 1338
47300 1321
47400 1320
47500 1323
47600 1323
47700 1325
47800 1327
47900 1330
48000 1335
48100 1341
48200 1339
48300 1347
48400 1346
48500 1341
48600 1342
48700 1364
48800 1350
48900 1350
49000 1354
49100 1361
49200 1358
49300 1374
49400 1379
49500 1369
49600 1369
49700 1371
49800 1378
49900 1463
50000 1377
50100 1377
50200 1379
50300 1389
50400 1393
50500 1390
50600 1388
50700 1391
50800 1393
50900 1411
51000 1397
51100 1402
51200 1406
51300 1411
51400 1442
51500 1417
51600 1421
51700 1414
51800 1420
51900 1420
52000 1434
52100 1428
52200 1425
52300 1479
52400 1442
52500 1438
52600 1437
52700 1450
52800 1439
52900 1451
53000 1449
53100 1458
53200 1446
53300 1456
53400 1472
53500 1471
53600 1462
53700 1457
53800 1472
53900 1473
54000 1471
54100 1472
54200 1473
54300 1493
54400 1491
54500 1496
54600 1491
54700 1491
54800 1590
54900 2411
55000 1502
55100 1535
55200 2232
55300 2588
55400 1551
55500 2490
55600 1529
55700 1513
55800 1631
55900 1521
56000 1522
56100 1525
56200 1522
56300 1524
56400 1530
56500 1532
56600 1532
56700 1535
56800 1547
56900 1545
57000 1544
57100 1621
57200 1542
57300 1552
57400 1564
57500 1566
57600 1568
57700 1559
57800 1586
57900 1565
58000 1564
58100 1763
58200 1567
58300 1574
58400 1569
58500 1580
58600 1582
58700 1589
58800 1587
58900 1592
59000 1595
59100 1599
59200 1599
59300 1604
59400 1708
59500 1612
59600 1616
59700 1614
59800 1620
59900 1614
60000 1619
60100 1618
60200 1615
60300 1624
60400 1627
60500 1628
60600 1641
60700 1636
60800 1639
60900 1635
61000 1635
61100 1663
61200 1642
61300 1654
61400 1666
61500 1664
61600 1667
61700 1664
61800 1673
61900 1666
62000 1669
62100 1666
62200 1665
62300 1673
62400 1700
62500 1667
62600 1674
62700 1698
62800 1803
62900 1889
63000 1693
63100 1688
63200 1691
63300 1695
63400 1713
63500 1712
63600 1709
63700 1739
63800 1756
63900 1750
64000 1808
64100 1759
64200 1775
64300 1757
64400 1772
64500 1756
64600 1761
64700 1759
64800 1770
64900 1795
65000 1778
65100 1747
65200 1774
65300 1785
65400 1791
65500 1840
65600 1845
65700 1827
65800 1823
65900 1833
66000 1832
66100 1836
66200 1821
66300 1832
66400 1841
66500 1901
66600 1842
66700 1843
66800 1850
66900 1899
67000 1889
67100 1862
67200 1861
67300 1873
67400 1877
67500 1891
67600 1887
67700 1905
67800 1879
67900 1874
68000 1895
68100 1892
68200 1870
68300 1892
68400 1889
68500 1910
68600 1884
68700 1888
68800 1897
68900 1918
69000 1888
69100 1894
69200 1905
69300 1899
69400 1903
69500 2343
69600 1903
69700 1914
69800 1933
69900 1943
70000 1964
70100 2018
70200 1969
70300 1986
70400 1984
70500 2005
70600 2002
70700 2016
70800 2018
70900 2045
71000 2056
71100 2066
71200 2063
71300 2247
71400 2080
71500 2097
71600 2115
71700 2151
71800 2146
71900 2183
72000 2169
72100 2379
72200 2169
72300 2198
72400 2335
72500 2214
72600 2192
72700 2223
72800 2228
72900 2224
73000 2273
73100 2243
73200 2258
73300 2262
73400 2283
73500 2282
73600 2314
73700 2315
73800 2339
73900 2336
74000 2346
74100 2378
74200 2341
74300 2341
74400 2352
74500 2352
74600 2348
74700 2362
74800 2360
74900 2356
75000 2364
75100 2373
75200 2377
75300 2366
75400 2370
75500 2376
75600 2415
75700 2394
75800 2382
75900 2399
76000 2417
76100 2428
76200 2398
76300 2395
76400 2394
76500 2394
76600 2399
76700 2415
76800 2410
76900 2422
77000 2423
77100 2446
77200 2439
77300 2436
77400 2436
77500 2425
77600 2519
77700 2436
77800 2439
77900 2459
78000 2466
78100 2698
78200 2457
78300 2483
78400 2480
78500 2474
78600 2433
78700 2451
78800 2461
78900 2468
79000 2424
79100 2483
79200 2492
79300 2489
79400 2484
79500 2499
79600 2492
79700 2486
79800 2509
79900 2502
80000 2507
80100 2495
80200 2511
80300 2459
80400 2492
80500 2564
80600 2524
80700 2516
80800 2524
80900 2520
81000 2523
81100 2731
81200 2516
81300 2534
81400 2542
81500 2540
81600 2501
81700 2543
81800 2529
81900 2550
82000 2566
82100 2575
82200 2641
82300 2527
82400 2578
82500 2566
82600 2590
82700 2581
82800 2585
82900 2587
83000 2597
83100 2592
83200 2560
83300 2601
83400 2598
83500 2570
83600 2602
83700 2616
83800 2616
83900 2611
84000 2836
84100 2680
84200 2615
84300 2627
84400 2593
84500 2620
84600 2629
84700 2615
84800 2620
84900 2627
85000 2620
85100 2609
85200 2630
85300 2628
85400 2647
85500 2641
85600 2646
85700 2642
85800 2644
85900 2662
86000 2666
86100 2668
86200 2606
86300 2679
86400 2680
86500 2668
86600 2682
86700 2680
86800 2794
86900 2690
87000 2701
87100 2695
87200 2705
87300 2664
87400 2709
87500 2691
87600 2709
87700 2732
87800 2696
87900 2746
88000 2709
88100 2716
88200 2657
88300 2728
88400 2737
88500 2731
88600 2735
88700 2725
88800 2749
88900 2723
89000 2768
89100 2730
89200 2731
89300 2784
89400 2693
89500 2737
89600 2749
89700 2766
89800 2754
89900 2726
90000 2750
90100 2748
90200 2811
90300 2761
90400 2787
90500 2767
90600 2782
90700 2782
90800 2768
90900 2823
91000 2798
91100 2787
91200 2828
91300 2808
91400 2804
91500 2799
91600 2799
91700 2803
91800 2805
91900 2796
92000 2872
92100 2939
92200 2836
92300 2820
92400 2824
92500 2822
92600 2769
92700 2775
92800 2780
92900 2798
93000 2798
93100 2820
93200 2784
93300 2795
93400 2801
93500 2817
93600 2798
93700 2792
93800 2877
93900 2799
94000 2809
94100 2812
94200 2778
94300 2841
94400 2837
94500 2833
94600 2851
94700 2840
94800 2863
94900 2852
95000 2848
95100 2848
95200 2810
95300 2842
95400 2847
95500 2812
95600 2861
95700 2885
95800 2889
95900 2862
96000 2859
96100 2865
96200 2875
96300 2871
96400 2872
96500 2884
96600 2882
96700 2892
96800 2890
96900 2880
97000 2881
97100 2868
97200 2883
97300 2854
97400 2890
97500 2884
97600 2892
97700 2891
97800 2896
97900 2857
98000 2887
98100 2913
98200 2890
98300 2913
98400 2941
98500 3156
98600 3029
98700 2962
98800 2948
98900 3003
99000 2947
99100 2941
99200 2940
99300 3165
99400 2940
99500 2946
99600 2945
99700 2962
99800 2953
99900 2953
100000 2961
