500 41
600 50
700 58
800 67
900 77
1000 87
1100 95
1200 107
1300 117
1400 126
1500 132
1600 209
1700 216
1800 219
1900 175
2000 185
2100 197
2200 211
2300 221
2400 235
2500 241
2600 358
2700 355
2800 386
2900 397
3000 414
3100 439
3200 316
3300 326
3400 344
3500 345
3600 358
3700 362
3800 381
3900 387
4000 577
4100 418
4200 425
4300 519
4400 607
4500 500
4600 488
4700 479
4800 531
4900 509
5000 513
5100 523
5200 531
5300 551
5400 556
5500 564
5600 575
5700 583
5800 598
5900 609
6000 653
6100 620
6200 636
6300 652
6400 670
6500 666
6600 681
6700 703
6800 705
6900 714
7000 722
7100 744
7200 756
7300 761
7400 762
7500 779
7600 778
7700 798
7800 825
7900 822
8000 845
8100 859
8200 885
8300 889
8400 897
8500 900
8600 928
8700 991
8800 945
8900 962
9000 961
9100 957
9200 990
9300 1004
9400 1097
9500 1035
9600 1039
9700 1036
9800 1059
9900 1083
10000 1082
10100 1092
10200 1103
10300 1107
10400 1122
10500 1135
10600 1158
10700 1164
10800 1191
10900 1197
11000 1193
11100 1197
11200 1212
11300 1276
11400 1241
11500 1255
11600 1465
11700 1268
11800 1286
11900 1288
12000 1302
12100 1303
12200 1309
12300 1384
12400 1342
12500 1523
12600 1350
12700 1398
12800 1407
12900 1412
13000 1400
13100 1402
13200 1427
13300 1509
13400 1443
13500 1478
13600 1491
13700 1498
13800 1577
13900 1507
14000 1508
14100 1550
14200 1528
14300 1564
14400 1554
14500 1594
14600 1595
14700 1575
14800 1596
14900 1609
15000 1636
15100 1659
15200 1754
15300 1675
15400 1665
15500 1718
15600 1706
15700 1718
15800 1715
15900 1727
16000 1762
16100 1766
16200 1766
16300 1783
16400 1823
16500 1829
16600 1847
16700 1852
16800 1888
16900 1885
17000 1899
17100 1891
17200 2026
17300 1929
17400 1946
17500 1958
17600 1946
17700 1949
17800 2000
17900 1982
18000 1984
18100 2013
18200 1999
18300 2061
18400 2021
18500 2090
18600 2084
18700 2073
18800 2061
18900 2097
19000 2105
19100 2147
19200 2156
19300 2177
19400 2175
19500 2316
19600 2193
19700 2196
19800 2204
19900 2198
20000 2240
20100 2269
20200 2250
20300 2253
20400 2309
20500 2307
20600 2298
20700 2303
20800 2336
20900 2344
21000 2351
21100 2326
21200 2376
21300 2409
21400 2407
21500 2419
21600 2522
21700 2514
21800 2709
21900 2410
22000 2450
22100 2482
22200 2487
22300 2502
22400 2487
22500 2484
22600 2516
22700 2560
22800 2574
22900 2978
23000 2572
23100 2588
23200 2590
23300 2618
23400 3391
23500 3452
23600 2630
23700 3516
23800 3479
23900 2760
24000 2642
24100 2676
24200 3088
24300 2721
24400 2913
24500 2708
24600 2811
24700 3138
24800 2736
24900 2793
25000 2843
25100 2825
25200 2813
25300 2777
25400 2809
25500 2844
25600 2832
25700 2870
25800 2946
25900 2902
26000 2871
26100 2924
26200 3126
26300 2948
26400 2962
26500 3201
26600 2962
26700 3004
26800 3011
26900 3008
27000 3007
27100 2997
27200 3041
27300 3103
27400 3043
27500 3048
27600 3076
27700 3109
27800 3107
27900 3073
28000 3150
28100 3127
28200 3163
28300 3212
28400 3191
28500 3152
28600 3383
28700 3222
28800 3231
28900 3222
29000 3262
29100 3231
29200 3240
29300 3317
29400 3280
29500 3291
29600 3379
29700 3276
29800 3370
29900 3327
30000 3336
30100 3377
30200 3414
30300 3394
30400 3419
30500 3355
30600 3436
30700 3418
30800 3749
30900 3403
31000 3673
31100 3470
31200 3494
31300 3559
31400 3518
31500 3502
31600 3503
31700 3559
31800 3562
31900 3543
32000 3553
32100 3617
32200 3578
32300 3633
32400 3598
32500 3644
32600 3673
32700 3671
32800 3726
32900 3736
33000 3724
33100 3703
33200 3771
33300 3775
33400 3758
33500 3812
33600 3764
33700 3779
33800 3856
33900 3818
34000 3777
34100 3895
34200 3909
34300 3877
34400 3920
34500 3993
34600 4823
34700 3902
34800 3928
34900 3940
35000 3977
35100 3952
35200 3990
35300 4046
35400 4013
35500 3975
35600 4019
35700 4011
35800 4087
35900 4060
36000 4070
36100 4057
36200 4079
36300 4219
36400 4068
36500 4112
36600 4107
36700 4157
36800 4202
36900 4160
37000 4158
37100 4227
37200 4191
37300 4193
37400 4174
37500 4236
37600 4244
37700 4282
37800 4281
37900 4285
38000 4289
38100 4279
38200 4301
38300 4351
38400 4354
38500 4354
38600 4308
38700 4382
38800 4371
38900 4345
39000 4459
39100 4442
39200 4460
39300 4419
39400 4434
39500 4440
39600 4440
39700 4520
39800 4456
39900 4533
40000 4517
40100 4533
40200 4447
40300 4594
40400 4511
40500 4635
40600 4537
40700 4582
40800 4823
40900 4656
41000 4592
41100 4660
41200 4578
41300 4631
41400 4659
41500 4730
41600 5004
41700 4733
41800 4715
41900 4744
42000 4740
42100 4763
42200 4766
42300 4764
42400 4796
42500 4789
42600 4768
42700 4801
42800 4830
42900 4843
43000 4917
43100 4818
43200 4869
43300 5200
43400 4933
43500 4860
43600 4900
43700 4954
43800 4904
43900 4925
44000 5000
44100 4988
44200 4973
44300 5035
44400 4979
44500 5417
44600 4972
44700 5087
44800 5030
44900 5041
45000 5088
45100 5142
45200 5111
45300 5105
45400 5097
45500 5166
45600 5346
45700 5201
45800 5459
45900 5158
46000 5120
46100 5222
46200 5202
46300 5215
46400 5136
46500 5248
46600 5250
46700 5147
46800 5348
46900 5254
47000 5249
47100 5232
47200 5282
47300 5455
47400 5272
47500 5290
47600 5294
47700 5331
47800 5328
47900 5404
48000 5349
48100 5353
48200 5448
48300 5664
48400 5524
48500 5417
48600 5410
48700 5454
48800 5433
48900 5512
49000 5473
49100 5488
49200 5476
49300 5456
49400 5486
49500 5513
49600 5609
49700 5614
49800 5673
49900 5573
50000 5737
50100 5602
50200 5605
50300 5673
50400 5602
50500 5664
50600 5747
50700 5693
50800 5704
50900 5678
51000 5755
51100 5751
51200 5753
51300 5787
51400 5730
51500 5726
51600 5677
51700 5745
51800 5855
51900 5804
52000 5901
52100 5876
52200 5788
52300 6060
52400 5953
52500 5837
52600 5844
52700 5974
52800 6002
52900 5915
53000 5886
53100 5895
53200 5885
53300 6009
53400 5938
53500 5958
53600 5999
53700 6015
53800 6001
53900 5940
54000 6015
54100 6086
54200 6110
54300 6024
54400 6041
54500 6135
54600 6078
54700 6105
54800 7042
54900 6689
55000 6372
55100 6270
55200 6860
55300 8063
55400 6306
55500 7591
55600 6256
55700 6242
55800 6219
55900 6307
56000 6228
56100 6311
56200 6291
56300 6315
56400 6271
56500 6345
56600 6375
56700 6793
56800 7708
56900 6429
57000 6399
57100 6468
57200 6341
57300 6460
57400 6444
57500 6438
57600 6334
57700 6481
57800 6435
57900 6430
58000 6457
58100 6413
58200 6535
58300 6461
58400 6500
58500 6512
58600 6493
58700 6530
58800 6596
58900 6653
59000 6757
59100 6624
59200 6560
59300 6567
59400 6590
59500 6663
59600 6631
59700 6538
59800 6665
59900 6696
60000 6645
60100 6655
60200 6679
60300 6840
60400 6754
60500 6759
60600 6807
60700 6775
60800 6820
60900 6899
61000 6815
61100 6755
61200 6842
61300 6842
61400 7126
61500 6788
61600 6985
61700 6992
61800 6839
61900 6964
62000 6911
62100 6931
62200 6899
62300 6931
62400 6990
62500 6867
62600 7053
62700 6972
62800 7046
62900 7269
63000 7128
63100 7044
63200 7021
63300 7063
63400 7092
63500 7051
63600 7062
63700 7282
63800 7280
63900 7362
64000 7322
64100 7449
64200 7341
64300 7600
64400 7313
64500 7369
64600 7446
64700 7440
64800 7298
64900 7552
65000 7500
65100 7533
65200 7357
65300 7406
65400 7443
65500 7710
65600 7540
65700 7595
65800 7575
65900 7646
66000 7709
66100 7608
66200 7688
66300 7852
66400 7714
66500 7609
66600 7748
66700 7706
66800 7656
66900 7839
67000 7679
67100 7677
67200 7759
67300 7714
67400 7725
67500 7780
67600 7710
67700 7829
67800 7772
67900 7783
68000 7904
68100 7960
68200 8026
68300 7903
68400 7871
68500 8000
68600 7923
68700 7957
68800 8109
68900 7930
69000 7990
69100 8015
69200 7921
69300 7869
69400 7756
69500 8020
69600 8035
69700 8102
69800 7995
69900 8085
70000 7993
70100 8056
70200 8127
70300 8252
70400 8174
70500 8187
70600 8088
70700 8300
70800 8179
70900 8158
71000 8223
71100 8171
71200 8232
71300 8063
71400 8125
71500 8428
71600 8369
71700 8346
71800 8326
71900 8615
72000 8334
72100 8422
72200 8357
72300 8415
72400 8484
72500 8374
72600 8446
72700 8277
72800 8275
72900 8392
73000 8359
73100 8319
73200 8397
73300 8305
73400 8744
73500 8453
73600 8464
73700 8375
73800 8511
73900 8542
74000 8496
74100 8448
74200 8516
74300 8658
74400 8574
74500 8542
74600 8678
74700 8665
74800 8521
74900 8571
75000 8595
75100 8699
75200 8612
75300 8719
75400 8664
75500 8656
75600 8675
75700 8557
75800 8695
75900 8782
76000 8766
76100 8674
76200 8660
76300 8701
76400 8676
76500 8748
76600 8861
76700 8773
76800 8823
76900 8914
77000 8754
77100 8877
77200 9088
77300 8820
77400 8956
77500 8955
77600 8913
77700 8925
77800 8898
77900 8916
78000 9019
78100 9162
78200 9057
78300 9046
78400 8939
78500 8959
78600 9047
78700 9051
78800 9005
78900 8919
79000 9117
79100 8930
79200 9027
79300 9124
79400 9126
79500 9019
79600 9067
79700 9172
79800 9097
79900 9095
80000 9081
80100 9080
80200 9210
80300 9357
80400 9305
80500 9345
80600 9354
80700 9226
80800 9360
80900 9278
81000 9355
81100 9559
81200 9266
81300 9220
81400 9343
81500 9310
81600 9376
81700 9228
81800 9315
81900 9317
82000 9346
82100 9252
82200 9393
82300 9522
82400 9338
82500 9616
82600 9477
82700 9432
82800 9490
82900 9502
83000 9552
83100 9496
83200 9552
83300 9498
83400 9606
83500 9538
83600 9706
83700 9714
83800 9709
83900 9574
84000 9640
84100 9758
84200 9569
84300 9606
84400 10201
84500 9733
84600 9779
84700 9798
84800 9729
84900 9698
85000 9760
85100 9767
85200 9778
85300 9628
85400 9818
85500 9734
85600 10111
85700 9778
85800 9779
85900 9772
86000 9733
86100 10246
86200 10094
86300 9928
86400 9920
86500 9971
86600 9862
86700 9921
86800 10082
86900 9878
87000 9943
87100 9908
87200 10063
87300 10079
87400 9912
87500 10254
87600 10161
87700 9989
87800 10058
87900 10180
88000 9997
88100 10088
88200 10108
88300 9948
88400 10130
88500 10107
88600 10287
88700 10589
88800 10209
88900 10346
89000 10220
89100 10349
89200 10266
89300 10339
89400 10305
89500 10323
89600 10283
89700 10218
89800 10408
89900 10468
90000 10380
90100 10500
90200 10312
90300 10260
90400 10310
90500 10349
90600 10382
90700 10380
90800 10491
90900 10328
91000 10381
91100 10444
91200 10416
91300 10417
91400 10563
91500 10399
91600 10562
91700 10513
91800 10538
91900 10778
92000 10717
92100 10484
92200 10683
92300 10512
92400 10643
92500 10585
92600 10562
92700 10526
92800 10594
92900 10676
93000 10635
93100 10654
93200 10547
93300 10824
93400 10739
93500 10554
93600 10689
93700 10691
93800 10719
93900 10644
94000 10599
94100 10774
94200 10828
94300 10675
94400 10631
94500 10623
94600 10854
94700 10864
94800 10851
94900 10793
95000 10744
95100 10825
95200 10865
95300 10823
95400 10916
95500 10826
95600 10890
95700 10792
95800 11081
95900 11021
96000 10832
96100 10927
96200 11032
96300 10875
96400 10925
96500 10885
96600 11028
96700 11106
96800 11036
96900 11216
97000 11207
97100 11085
97200 11189
97300 11206
97400 10988
97500 11152
97600 11131
97700 11483
97800 11082
97900 11052
98000 11089
98100 11101
98200 11079
98300 11210
98400 11247
98500 11488
98600 11248
98700 11278
98800 11215
98900 11168
99000 11220
99100 11171
99200 11437
99300 11322
99400 11487
99500 11241
99600 11267
99700 11589
99800 11292
99900 11385
100000 11276
