500 7
600 11
700 14
800 15
900 16
1000 18
1100 20
1200 26
1300 28
1400 29
1500 50
1600 47
1700 49
1800 51
1900 37
2000 54
2100 46
2200 46
2300 52
2400 57
2500 58
2600 89
2700 87
2800 92
2900 95
3000 97
3100 67
3200 67
3300 70
3400 71
3500 74
3600 75
3700 75
3800 79
3900 77
4000 81
4100 82
4200 85
4300 86
4400 130
4500 138
4600 108
4700 111
4800 113
4900 116
5000 118
5100 119
5200 151
5300 123
5400 123
5500 125
5600 160
5700 127
5800 127
5900 127
6000 128
6100 131
6200 132
6300 132
6400 136
6500 142
6600 144
6700 145
6800 143
6900 144
7000 145
7100 147
7200 152
7300 156
7400 159
7500 154
7600 157
7700 158
7800 159
7900 161
8000 164
8100 164
8200 169
8300 171
8400 189
8500 173
8600 186
8700 178
8800 184
8900 223
9000 203
9100 211
9200 218
9300 308
9400 227
9500 229
9600 278
9700 232
9800 242
9900 221
10000 240
10100 242
10200 244
10300 240
10400 247
10500 249
10600 250
10700 252
10800 255
10900 256
11000 257
11100 259
11200 272
11300 266
11400 363
11500 267
11600 265
11700 264
11800 265
11900 267
12000 269
12100 273
12200 273
12300 274
12400 278
12500 278
12600 290
12700 281
12800 282
12900 287
13000 287
13100 294
13200 292
13300 295
13400 294
13500 295
13600 302
13700 301
13800 302
13900 305
14000 306
14100 306
14200 385
14300 311
14400 313
14500 314
14600 322
14700 320
14800 321
14900 322
15000 322
15100 323
15200 327
15300 328
15400 336
15500 331
15600 334
15700 357
15800 339
15900 343
16000 345
16100 340
16200 344
16300 346
16400 354
16500 361
16600 356
16700 359
16800 513
16900 365
17000 364
17100 364
17200 367
17300 369
17400 383
17500 386
17600 387
17700 398
17800 406
17900 416
18000 431
18100 432
18200 442
18300 452
18400 459
18500 466
18600 466
18700 471
18800 460
18900 476
19000 480
19100 481
19200 482
19300 485
19400 632
19500 490
19600 494
19700 490
19800 499
19900 503
20000 503
20100 507
20200 506
20300 507
20400 511
20500 511
20600 512
20700 515
20800 520
20900 524
21000 522
21100 523
21200 525
21300 525
21400 527
21500 530
21600 528
21700 548
21800 536
21900 539
22000 541
22100 543
22200 546
22300 547
22400 548
22500 548
22600 547
22700 593
22800 561
22900 558
23000 560
23100 561
23200 552
23300 815
23400 840
23500 814
23600 569
23700 855
23800 836
23900 572
24000 591
24100 572
24200 570
24300 571
24400 575
24500 575
24600 590
24700 903
24800 657
24900 584
25000 586
25100 585
25200 678
25300 607
25400 592
25500 608
25600 592
25700 597
25800 599
25900 601
26000 608
26100 604
26200 609
26300 622
26400 614
26500 617
26600 618
26700 620
26800 630
26900 628
27000 627
27100 624
27200 632
27300 638
27400 636
27500 639
27600 636
27700 642
27800 643
27900 643
28000 642
28100 645
28200 647
28300 650
28400 654
28500 653
28600 657
28700 660
28800 660
28900 662
29000 661
29100 673
29200 664
29300 668
29400 671
29500 671
29600 671
29700 680
29800 683
29900 682
30000 691
30100 736
30200 687
30300 686
30400 689
30500 701
30600 692
30700 741
30800 701
30900 703
31000 698
31100 700
31200 700
31300 704
31400 722
31500 711
31600 714
31700 713
31800 724
31900 736
32000 717
32100 721
32200 721
32300 725
32400 731
32500 743
32600 738
32700 733
32800 757
32900 754
33000 789
33100 749
33200 756
33300 760
33400 764
33500 771
33600 769
33700 779
33800 778
33900 783
34000 771
34100 905
34200 774
34300 770
34400 776
34500 790
34600 788
34700 783
34800 782
34900 830
35000 802
35100 810
35200 818
35300 827
35400 839
35500 853
35600 855
35700 866
35800 874
35900 888
36000 895
36100 910
36200 914
36300 919
36400 930
36500 940
36600 947
36700 957
36800 968
36900 975
37000 978
37100 983
37200 991
37300 985
37400 989
37500 992
37600 996
37700 1006
37800 998
37900 1003
38000 1006
38100 1005
38200 1007
38300 1009
38400 1008
38500 1014
38600 1018
38700 1024
38800 1031
38900 1029
39000 1033
39100 1033
39200 1038
39300 1041
39400 1040
39500 1047
39600 1051
39700 1051
39800 1053
39900 1060
40000 1057
40100 1060
40200 1061
40300 1063
40400 1073
40500 1082
40600 1313
40700 1152
40800 1081
40900 1202
41000 1088
41100 1077
41200 1079
41300 1101
41400 1087
41500 1101
41600 1096
41700 1163
41800 1093
41900 1097
42000 1096
42100 1100
42200 1101
42300 1103
42400 1104
42500 1101
42600 1107
42700 1110
42800 1113
42900 1124
43000 1111
43100 1134
43200 1118
43300 1132
43400 1120
43500 1122
43600 1130
43700 1131
43800 1132
43900 1137
44000 1135
44100 1137
44200 1142
44300 1147
44400 1146
44500 1146
44600 1145
44700 1148
44800 1150
44900 1165
45000 1154
45100 1153
45200 1156
45300 1166
45400 1162
45500 1163
45600 1166
45700 1187
45800 1170
45900 1176
46000 1177
46100 1177
46200 1180
46300 1184
46400 1173
46500 1161
46600 1161
46700 1163
46800 1168
46900 1172
47000 1168
47100 1195
47200 1173
47300 1174
47400 1182
47500 1180
47600 1181
47700 1186
47800 1188
47900 1191
48000 1193
48100 1191
48200 1199
48300 1214
48400 1203
48500 1277
48600 1214
48700 1217
48800 1208
48900 1209
49000 1216
49100 1212
49200 1211
49300 1226
49400 1220
49500 1225
49600 1223
49700 1231
49800 1418
49900 1244
50000 1234
50100 1236
50200 1234
50300 1240
50400 1243
50500 1245
50600 1259
50700 1246
50800 1253
50900 1251
51000 1249
51100 1253
51200 1261
51300 1496
51400 1258
51500 1264
51600 1261
51700 1266
51800 1339
51900 1274
52000 1280
52100 1273
52200 1320
52300 1279
52400 1286
52500 1284
52600 1481
52700 1290
52800 1304
52900 1301
53000 1304
53100 1302
53200 1292
53300 1308
53400 1422
53500 1302
53600 1326
53700 1311
53800 1322
53900 1317
54000 1316
54100 1330
54200 1317
54300 1322
54400 1324
54500 1331
54600 1331
54700 1330
54800 1822
54900 2112
55000 1988
55100 1369
55200 2147
55300 2224
55400 1375
55500 1381
55600 1365
55700 1904
55800 1358
55900 1358
56000 1368
56100 1354
56200 1362
56300 1358
56400 1368
56500 1362
56600 1369
56700 1374
56800 1404
56900 1429
57000 1379
57100 1377
57200 1398
57300 1386
57400 1389
57500 1398
57600 1390
57700 1411
57800 1393
57900 1394
58000 1400
58100 1405
58200 1402
58300 1396
58400 1398
58500 1406
58600 1411
58700 1415
58800 1413
58900 1411
59000 1424
59100 1482
59200 1458
59300 1425
59400 1433
59500 1450
59600 1444
59700 1433
59800 1439
59900 1466
60000 1444
60100 1447
60200 1450
60300 1442
60400 1441
60500 1457
60600 1455
60700 1457
60800 1456
60900 1461
61000 1477
61100 1466
61200 1468
61300 1468
61400 1477
61500 1488
61600 1757
61700 1478
61800 1478
61900 1478
62000 1479
62100 1480
62200 1484
62300 1482
62400 1485
62500 1489
62600 1508
62700 1503
62800 1559
62900 1584
63000 1508
63100 1778
63200 1502
63300 1508
63400 1513
63500 1522
63600 1541
63700 1772
63800 1684
63900 1557
64000 1558
64100 1571
64200 1566
64300 1646
64400 1581
64500 1695
64600 1565
64700 1713
64800 1569
64900 1581
65000 1693
65100 1573
65200 1630
65300 1578
65400 1602
65500 1590
65600 1619
65700 1624
65800 1669
65900 1633
66000 1624
66100 1638
66200 1723
66300 1626
66400 1636
66500 1623
66600 1646
66700 1654
66800 1640
66900 1647
67000 1642
67100 1658
67200 1659
67300 1670
67400 1656
67500 1662
67600 1663
67700 1688
67800 1789
67900 1667
68000 1667
68100 1673
68200 1699
68300 1683
68400 1671
68500 1667
68600 1667
68700 1679
68800 1689
68900 1680
69000 1698
69100 1692
69200 1690
69300 1703
69400 1699
69500 1697
69600 1731
69700 1720
69800 1724
69900 1738
70000 1739
70100 1748
70200 1759
70300 1778
70400 1774
70500 1799
70600 1803
70700 1805
70800 1805
70900 1827
71000 1837
71100 1833
71200 1847
71300 1827
71400 1863
71500 1884
71600 2097
71700 1913
71800 1939
71900 1924
72000 2003
72100 1932
72200 1992
72300 1962
72400 1962
72500 1979
72600 1975
72700 1983
72800 1994
72900 2184
73000 2015
73100 2025
73200 2051
73300 2043
73400 2060
73500 2106
73600 2072
73700 2086
73800 2094
73900 2110
74000 2108
74100 2097
74200 2101
74300 2095
74400 2115
74500 2112
74600 2110
74700 2112
74800 2127
74900 2132
75000 2135
75100 2122
75200 2138
75300 2141
75400 2101
75500 2136
75600 2140
75700 2148
75800 2150
75900 2184
76000 2157
76100 2165
76200 2169
76300 2170
76400 2169
76500 2162
76600 2169
76700 2189
76800 2162
76900 2184
77000 2177
77100 2194
77200 2189
77300 2205
77400 2198
77500 2214
77600 2214
77700 2215
77800 2203
77900 2214
78000 2229
78100 2198
78200 2236
78300 2258
78400 2233
78500 2240
78600 2282
78700 2238
78800 2235
78900 2240
79000 2260
79100 2232
79200 2219
79300 2205
79400 2253
79500 2242
79600 2256
79700 2248
79800 2264
79900 2377
80000 2296
80100 2277
80200 2277
80300 2223
80400 2265
80500 2281
80600 2276
80700 2290
80800 2301
80900 2236
81000 2281
81100 2255
81200 2399
81300 2294
81400 2239
81500 2291
81600 2243
81700 2289
81800 2301
81900 2310
82000 2310
82100 2301
82200 2322
82300 2499
82400 2318
82500 2310
82600 2318
82700 2343
82800 2332
82900 2276
83000 2333
83100 2351
83200 2310
83300 2340
83400 2368
83500 2339
83600 2349
83700 2349
83800 2366
83900 2359
84000 2307
84100 2348
84200 2363
84300 2359
84400 2395
84500 2362
84600 2363
84700 2354
84800 2365
84900 2363
85000 2365
85100 2355
85200 2388
85300 2372
85400 2378
85500 2630
85600 2343
85700 2384
85800 2388
85900 2396
86000 2391
86100 2398
86200 2356
86300 2398
86400 2412
86500 2403
86600 2424
86700 2410
86800 2408
86900 2411
87000 2415
87100 2443
87200 2449
87300 2382
87400 2432
87500 2436
87600 2438
87700 2444
87800 2437
87900 2439
88000 2445
88100 2447
88200 2425
88300 2453
88400 2445
88500 2457
88600 2573
88700 2470
88800 2457
88900 2465
89000 2449
89100 2460
89200 2650
89300 2464
89400 2444
89500 2468
89600 2612
89700 2505
89800 2478
89900 2492
90000 2478
90100 2496
90200 2485
90300 2489
90400 2487
90500 2485
90600 2495
90700 2514
90800 2497
90900 2515
91000 2496
91100 2541
91200 2512
91300 2520
91400 2544
91500 2518
91600 2524
91700 2574
91800 2537
91900 2533
92000 2529
92100 2536
92200 2539
92300 2548
92400 2537
92500 2580
92600 2511
92700 2499
92800 2517
92900 2512
93000 2508
93100 2544
93200 2545
93300 2506
93400 2514
93500 2588
93600 2512
93700 2508
93800 2513
93900 2562
94000 2528
94100 2519
94200 2511
94300 2537
94400 2532
94500 2552
94600 2613
94700 2550
94800 2546
94900 2540
95000 2609
95100 2541
95200 2523
95300 2551
95400 2610
95500 2577
95600 2587
95700 2579
95800 2575
95900 2561
96000 2572
96100 2572
96200 2570
96300 2584
96400 2574
96500 2630
96600 2581
96700 2626
96800 2591
96900 2589
97000 2537
97100 2591
97200 2592
97300 2589
97400 2596
97500 2600
97600 2604
97700 2565
97800 2602
97900 2590
98000 2605
98100 2608
98200 2607
98300 2612
98400 2634
98500 2576
98600 2619
98700 2624
98800 2633
98900 2639
99000 2628
99100 2630
99200 2637
99300 2602
99400 2646
99500 2592
99600 2659
99700 2637
99800 2685
99900 2655
100000 2675
