500 11
600 15
700 17
800 20
900 22
1000 23
1100 27
1200 30
1300 33
1400 36
1500 39
1600 69
1700 72
1800 76
1900 47
2000 50
2100 52
2200 56
2300 60
2400 63
2500 66
2600 120
2700 122
2800 131
2900 138
3000 137
3100 88
3200 89
3300 92
3400 93
3500 94
3600 97
3700 99
3800 101
3900 108
4000 107
4100 108
4200 111
4300 127
4400 182
4500 124
4600 126
4700 137
4800 133
4900 135
5000 139
5100 143
5200 147
5300 148
5400 152
5500 156
5600 158
5700 162
5800 166
5900 172
6000 172
6100 175
6200 179
6300 183
6400 185
6500 184
6600 186
6700 190
6800 192
6900 196
7000 198
7100 198
7200 202
7300 205
7400 208
7500 208
7600 209
7700 213
7800 214
7900 286
8000 219
8100 221
8200 226
8300 228
8400 232
8500 245
8600 238
8700 242
8800 247
8900 249
9000 253
9100 258
9200 262
9300 266
9400 336
9500 270
9600 277
9700 283
9800 284
9900 285
10000 290
10100 294
10200 295
10300 306
10400 305
10500 307
10600 309
10700 315
10800 321
10900 322
11000 324
11100 327
11200 330
11300 371
11400 344
11500 353
11600 390
11700 346
11800 354
11900 357
12000 359
12100 363
12200 367
12300 470
12400 376
12500 381
12600 382
12700 382
12800 389
12900 386
13000 386
13100 389
13200 391
13300 396
13400 399
13500 400
13600 498
13700 407
13800 411
13900 440
14000 411
14100 414
14200 414
14300 419
14400 425
14500 492
14600 428
14700 431
14800 435
14900 436
15000 434
15100 438
15200 441
15300 442
15400 451
15500 448
15600 449
15700 456
15800 459
15900 461
16000 463
16100 462
16200 465
16300 465
16400 472
16500 480
16600 481
16700 484
16800 488
16900 491
17000 495
17100 496
17200 499
17300 546
17400 507
17500 515
17600 516
17700 517
17800 523
17900 528
18000 530
18100 536
18200 540
18300 544
18400 548
18500 557
18600 556
18700 559
18800 561
18900 563
19000 568
19100 573
19200 578
19300 585
19400 589
19500 593
19600 595
19700 597
19800 598
19900 601
20000 604
20100 608
20200 613
20300 648
20400 626
20500 650
20600 642
20700 634
20800 642
20900 664
21000 652
21100 687
21200 649
21300 654
21400 659
21500 664
21600 679
21700 689
21800 675
21900 677
22000 677
22100 683
22200 684
22300 685
22400 691
22500 717
22600 708
22700 712
22800 710
22900 712
23000 714
23100 712
23200 721
23300 720
23400 1195
23500 1226
23600 11373
23700 1273
23800 1288
23900 750
24000 754
24100 986
24200 755
24300 761
24400 760
24500 765
24600 778
24700 1370
24800 786
24900 811
25000 787
25100 794
25200 798
25300 797
25400 799
25500 807
25600 810
25700 812
25800 807
25900 810
26000 812
26100 816
26200 810
26300 817
26400 816
26500 820
26600 828
26700 841
26800 834
26900 845
27000 839
27100 954
27200 862
27300 868
27400 865
27500 863
27600 855
27700 857
27800 866
27900 858
28000 860
28100 862
28200 863
28300 864
28400 869
28500 873
28600 875
28700 889
28800 891
28900 891
29000 889
29100 891
29200 897
29300 903
29400 903
29500 908
29600 909
29700 906
29800 906
29900 930
30000 906
30100 913
30200 919
30300 921
30400 919
30500 920
30600 925
30700 932
30800 939
30900 936
31000 1026
31100 929
31200 946
31300 964
31400 956
31500 951
31600 959
31700 960
31800 954
31900 960
32000 963
32100 964
32200 961
32300 974
32400 1120
32500 1012
32600 991
32700 978
32800 997
32900 1013
33000 1000
33100 1008
33200 1018
33300 1014
33400 1016
33500 1018
33600 1024
33700 1027
33800 1070
33900 1028
34000 1081
34100 1040
34200 1043
34300 1047
34400 1047
34500 1156
34600 1107
34700 1071
34800 1060
34900 1075
35000 1087
35100 1071
35200 1085
35300 1083
35400 1093
35500 1096
35600 1092
35700 1096
35800 1119
35900 1103
36000 1113
36100 1113
36200 1122
36300 1199
36400 1131
36500 1136
36600 1139
36700 1169
36800 1149
36900 1148
37000 1289
37100 1206
37200 1157
37300 1159
37400 1169
37500 1189
37600 1168
37700 1209
37800 1178
37900 1190
38000 1179
38100 1204
38200 1197
38300 1240
38400 1206
38500 1230
38600 1215
38700 1224
38800 1234
38900 1234
39000 1235
39100 1241
39200 1241
39300 1238
39400 1250
39500 1243
39600 1248
39700 1430
39800 1253
39900 1260
40000 1261
40100 1262
40200 1272
40300 1278
40400 1275
40500 1287
40600 1305
40700 1294
40800 1290
40900 1305
41000 1311
41100 1322
41200 1321
41300 1334
41400 1326
41500 1331
41600 1354
41700 1341
41800 1341
41900 1341
42000 1344
42100 1347
42200 1351
42300 1363
42400 1348
42500 1361
42600 1368
42700 1373
42800 1377
42900 1379
43000 1390
43100 1388
43200 1399
43300 1401
43400 1401
43500 1401
43600 1418
43700 1403
43800 1403
43900 1412
44000 1411
44100 1418
44200 1453
44300 1427
44400 1428
44500 1424
44600 1430
44700 1438
44800 1441
44900 1445
45000 1444
45100 1485
45200 1464
45300 1528
45400 1477
45500 1477
45600 1467
45700 1488
45800 1484
45900 1486
46000 1489
46100 1494
46200 1500
46300 1503
46400 1509
46500 1509
46600 1523
46700 1527
46800 1515
46900 1545
47000 1532
47100 1542
47200 1702
47300 1550
47400 1547
47500 1555
47600 1547
47700 1551
47800 1562
47900 1569
48000 1565
48100 1612
48200 1590
48300 1588
48400 1608
48500 1583
48600 1583
48700 1594
48800 1620
48900 1607
49000 1603
49100 1622
49200 1629
49300 1632
49400 1655
49500 1639
49600 1633
49700 1648
49800 1662
49900 1664
50000 1650
50100 1654
50200 1655
50300 1662
50400 1666
50500 1667
50600 1667
50700 1672
50800 1672
50900 1674
51000 1681
51100 1684
51200 1691
51300 1684
51400 1686
51500 1689
51600 1688
51700 1689
51800 1688
51900 1714
52000 1691
52100 1692
52200 1699
52300 1813
52400 1700
52500 1702
52600 1709
52700 1722
52800 1708
52900 1720
53000 1720
53100 1732
53200 1725
53300 1738
53400 1742
53500 1782
53600 1744
53700 1747
53800 1743
53900 1768
54000 1752
54100 1749
54200 1771
54300 1765
54400 1763
54500 1776
54600 1776
54700 1776
54800 1906
54900 3035
55000 1790
55100 1821
55200 2783
55300 3153
55400 1829
55500 3055
55600 1818
55700 1808
55800 1804
55900 1804
56000 1808
56100 1803
56200 1800
56300 1808
56400 1806
56500 1819
56600 1814
56700 1815
56800 1812
56900 1820
57000 1986
57100 1881
57200 1836
57300 1832
57400 1858
57500 1856
57600 1860
57700 1856
57800 1864
57900 1859
58000 1861
58100 1858
58200 1865
58300 1880
58400 1882
58500 1877
58600 1884
58700 1894
58800 1898
58900 1896
59000 1892
59100 1897
59200 1906
59300 1904
59400 2038
59500 1899
59600 1903
59700 1928
59800 1906
59900 1905
60000 1906
60100 1908
60200 1933
60300 1902
60400 1920
60500 1914
60600 1910
60700 1925
60800 1917
60900 1945
61000 1934
61100 1936
61200 1939
61300 1940
61400 1946
61500 1966
61600 1970
61700 1971
61800 1983
61900 1976
62000 1959
62100 1964
62200 1978
62300 1970
62400 1965
62500 1979
62600 1978
62700 1997
62800 2325
62900 2493
63000 2016
63100 1988
63200 1996
63300 2005
63400 2008
63500 2112
63600 2013
63700 2048
63800 2061
63900 2073
64000 2075
64100 2069
64200 2087
64300 2078
64400 2072
64500 2086
64600 2071
64700 2078
64800 2092
64900 2082
65000 2090
65100 2498
65200 2097
65300 2093
65400 2097
65500 2107
65600 2124
65700 2166
65800 2138
65900 2137
66000 2134
66100 2136
66200 2205
66300 2224
66400 2160
66500 2148
66600 2215
66700 2194
66800 2165
66900 2170
67000 2208
67100 2175
67200 2177
67300 2192
67400 2239
67500 2190
67600 2196
67700 2199
67800 2385
67900 2209
68000 2220
68100 2582
68200 2219
68300 2223
68400 2308
68500 2229
68600 2293
68700 2247
68800 2239
68900 2254
69000 2278
69100 2255
69200 2256
69300 2308
69400 2292
69500 2259
69600 2274
69700 2260
69800 2312
69900 2318
70000 2288
70100 2315
70200 2311
70300 2304
70400 2309
70500 2322
70600 2346
70700 2336
70800 2346
70900 2347
71000 2335
71100 2331
71200 2336
71300 2288
71400 2332
71500 2370
71600 2364
71700 2369
71800 2419
71900 2371
72000 2413
72100 2398
72200 2399
72300 2591
72400 2397
72500 2407
72600 2387
72700 2411
72800 2412
72900 2412
73000 2409
73100 2421
73200 2430
73300 2424
73400 2429
73500 2439
73600 2440
73700 2448
73800 2469
73900 2476
74000 2481
74100 2477
74200 2479
74300 2460
74400 2484
74500 2578
74600 2495
74700 2482
74800 2494
74900 2513
75000 2503
75100 2465
75200 2544
75300 2497
75400 2499
75500 2508
75600 2503
75700 2508
75800 2522
75900 2524
76000 2543
76100 2539
76200 2549
76300 2560
76400 2560
76500 2559
76600 2577
76700 2562
76800 2589
76900 2595
77000 2589
77100 2605
77200 2735
77300 2641
77400 2638
77500 2618
77600 2628
77700 2651
77800 2634
77900 2633
78000 2648
78100 2608
78200 2649
78300 2640
78400 2646
78500 2662
78600 2747
78700 2731
78800 2672
78900 2675
79000 2774
79100 2635
79200 2642
79300 2647
79400 2656
79500 2653
79600 2672
79700 2639
79800 2680
79900 2692
80000 2687
80100 2709
80200 2702
80300 2649
80400 2666
80500 2710
80600 2717
80700 2715
80800 2728
80900 2727
81000 2741
81100 2682
81200 2740
81300 2773
81400 2751
81500 2747
81600 2702
81700 2744
81800 2764
81900 2863
82000 2804
82100 2783
82200 2807
82300 3009
82400 2804
82500 2783
82600 2807
82700 2843
82800 2814
82900 2812
83000 2810
83100 2836
83200 2779
83300 2840
83400 2841
83500 2959
83600 2842
83700 2848
83800 2851
83900 2858
84000 2859
84100 2845
84200 2863
84300 2883
84400 2939
84500 2882
84600 2889
84700 2955
84800 2880
84900 2903
85000 3014
85100 2851
85200 2900
85300 2917
85400 2916
85500 2948
85600 2870
85700 2947
85800 2933
85900 2940
86000 2945
86100 2949
86200 2912
86300 2966
86400 2994
86500 2975
86600 2984
86700 2973
86800 2939
86900 2992
87000 3004
87100 3113
87200 3000
87300 2964
87400 2995
87500 2988
87600 3047
87700 3010
87800 3000
87900 3013
88000 3137
88100 3017
88200 3160
88300 3032
88400 3042
88500 3097
88600 3058
88700 3265
88800 3064
88900 3066
89000 3072
89100 3050
89200 3064
89300 3068
89400 3149
89500 3059
89600 3081
89700 3082
89800 3212
89900 3044
90000 3094
90100 3097
90200 3110
90300 3138
90400 3197
90500 3132
90600 3132
90700 3135
90800 3129
90900 3145
91000 3160
91100 3144
91200 3141
91300 3202
91400 3376
91500 3148
91600 3158
91700 3171
91800 3167
91900 3154
92000 3131
92100 3173
92200 3172
92300 3186
92400 3185
92500 3203
92600 3131
92700 3205
92800 3228
92900 3241
93000 3234
93100 3203
93200 3208
93300 3210
93400 3228
93500 3227
93600 3189
93700 3235
93800 3233
93900 3256
94000 3251
94100 3257
94200 3255
94300 3292
94400 3280
94500 3301
94600 3297
94700 3327
94800 3297
94900 3300
95000 3300
95100 3295
95200 3453
95300 3303
95400 3334
95500 3502
95600 3331
95700 3321
95800 3332
95900 3330
96000 3332
96100 3337
96200 3338
96300 3475
96400 3344
96500 3361
96600 3361
96700 3360
96800 3369
96900 3366
97000 3368
97100 3358
97200 3370
97300 3344
97400 3394
97500 3387
97600 3399
97700 3327
97800 3407
97900 3357
98000 3396
98100 3427
98200 3433
98300 3454
98400 3461
98500 3435
98600 3474
98700 3472
98800 3493
98900 3477
99000 3465
99100 3482
99200 3539
99300 3492
99400 3468
99500 3490
99600 3507
99700 3458
99800 3596
99900 3507
100000 3544
