500 46
600 51
700 60
800 70
900 80
1000 87
1100 100
1200 107
1300 118
1400 129
1500 136
1600 192
1700 195
1800 212
1900 203
2000 189
2100 200
2200 213
2300 223
2400 238
2500 242
2600 349
2700 346
2800 361
2900 365
3000 382
3100 405
3200 323
3300 336
3400 350
3500 353
3600 369
3700 373
3800 394
3900 396
4000 1368
4100 430
4200 424
4300 533
4400 533
4500 569
4600 502
4700 485
4800 498
4900 523
5000 521
5100 532
5200 538
5300 594
5400 559
5500 567
5600 582
5700 605
5800 608
5900 622
6000 626
6100 639
6200 651
6300 662
6400 687
6500 681
6600 696
6700 705
6800 723
6900 732
7000 736
7100 758
7200 764
7300 779
7400 777
7500 798
7600 799
7700 818
7800 838
7900 840
8000 858
8100 885
8200 901
8300 905
8400 892
8500 907
8600 950
8700 944
8800 968
8900 958
9000 969
9100 972
9200 989
9300 1022
9400 1021
9500 1042
9600 1044
9700 1042
9800 1064
9900 1089
10000 1072
10100 1101
10200 1105
10300 1129
10400 1135
10500 1154
10600 1158
10700 1181
10800 1206
10900 1477
11000 1206
11100 1314
11200 1209
11300 1243
11400 1263
11500 1278
11600 1272
11700 1291
11800 1309
11900 1316
12000 1329
12100 1326
12200 1338
12300 1335
12400 1378
12500 1428
12600 1374
12700 1423
12800 1434
12900 1447
13000 1443
13100 1434
13200 1456
13300 1480
13400 1476
13500 1528
13600 1522
13700 1536
13800 1677
13900 1527
14000 1545
14100 1578
14200 1572
14300 1597
14400 1663
14500 1603
14600 1618
14700 1695
14800 1638
14900 1644
15000 1683
15100 1688
15200 1689
15300 1709
15400 1692
15500 1751
15600 1736
15700 1758
15800 1746
15900 1758
16000 1779
16100 1789
16200 1807
16300 1829
16400 1817
16500 1831
16600 1856
16700 1874
16800 1873
16900 1975
17000 2004
17100 1902
17200 1877
17300 1952
17400 1963
17500 1966
17600 1966
17700 1962
17800 1978
17900 2004
18000 2003
18100 2028
18200 2018
18300 2076
18400 2014
18500 2089
18600 2089
18700 2084
18800 2071
18900 2104
19000 2132
19100 2154
19200 2166
19300 2349
19400 2199
19500 2279
19600 2209
19700 2193
19800 2207
19900 2200
20000 2243
20100 2278
20200 2254
20300 2255
20400 2323
20500 2315
20600 2296
20700 2305
20800 2347
20900 2369
21000 2353
21100 2355
21200 2404
21300 2412
21400 2417
21500 2446
21600 2485
21700 2511
21800 2478
21900 2437
22000 2492
22100 2492
22200 2529
22300 2518
22400 2501
22500 2512
22600 2535
22700 2661
22800 2586
22900 2555
23000 2588
23100 2612
23200 2627
23300 2662
23400 3454
23500 3579
23600 3193
23700 3466
23800 3291
23900 3100
24000 2693
24100 2789
24200 2786
24300 2824
24400 2819
24500 2740
24600 2879
24700 2789
24800 3184
24900 3384
25000 2888
25100 2868
25200 3117
25300 2840
25400 2882
25500 2888
25600 2890
25700 2928
25800 2976
25900 2951
26000 3160
26100 2955
26200 2969
26300 3001
26400 3037
26500 2989
26600 3016
26700 3081
26800 3093
26900 3074
27000 3246
27100 3212
27200 3084
27300 3157
27400 3087
27500 3122
27600 3163
27700 3228
27800 3174
27900 3137
28000 3241
28100 3188
28200 3231
28300 3296
28400 3258
28500 3227
28600 3302
28700 3277
28800 3264
28900 3291
29000 3321
29100 3307
29200 3320
29300 3357
29400 3351
29500 3377
29600 3317
29700 3359
29800 3434
29900 3624
30000 3379
30100 3442
30200 3472
30300 3478
30400 3483
30500 3460
30600 3433
30700 3480
30800 3540
30900 3502
31000 3491
31100 3541
31200 3680
31300 3580
31400 3588
31500 3563
31600 3588
31700 3601
31800 3656
31900 3606
32000 3732
32100 3668
32200 3674
32300 3691
32400 3681
32500 3716
32600 3739
32700 3779
32800 3822
32900 3784
33000 3789
33100 3741
33200 3830
33300 3809
33400 3809
33500 3873
33600 3830
33700 3814
33800 3896
33900 3852
34000 3814
34100 3972
34200 3946
34300 3926
34400 3970
34500 3908
34600 3972
34700 4134
34800 3974
34900 3992
35000 4013
35100 4018
35200 4062
35300 4062
35400 4107
35500 4021
35600 4083
35700 4057
35800 4136
35900 4137
36000 4139
36100 4109
36200 4165
36300 4160
36400 4171
36500 4171
36600 4169
36700 4238
36800 4274
36900 4220
37000 4223
37100 4619
37200 4260
37300 4246
37400 4227
37500 4309
37600 4270
37700 4341
37800 4334
37900 4338
38000 4322
38100 4364
38200 4358
38300 4424
38400 4390
38500 4469
38600 4391
38700 4451
38800 4444
38900 4405
39000 4546
39100 4522
39200 4564
39300 4667
39400 4467
39500 4522
39600 4523
39700 4610
39800 4521
39900 4589
40000 4597
40100 4615
40200 4561
40300 4666
40400 4608
40500 4661
40600 4647
40700 4740
40800 4741
40900 4692
41000 4663
41100 4749
41200 4657
41300 4722
41400 4761
41500 4812
41600 4908
41700 4857
41800 4798
41900 4838
42000 4839
42100 4862
42200 4850
42300 4847
42400 4865
42500 4846
42600 4859
42700 4903
42800 4915
42900 4902
43000 4966
43100 4868
43200 4924
43300 4977
43400 4987
43500 4941
43600 5099
43700 5340
43800 4961
43900 4994
44000 5088
44100 5099
44200 5072
44300 5179
44400 5102
44500 5105
44600 5081
44700 5196
44800 5146
44900 5214
45000 5188
45100 5268
45200 5246
45300 5249
45400 5197
45500 5518
45600 5257
45700 5242
45800 5357
45900 5258
46000 5226
46100 5327
46200 5292
46300 5352
46400 5414
46500 5411
46600 5392
46700 5343
46800 5428
46900 5458
47000 5415
47100 5417
47200 5466
47300 5455
47400 5447
47500 5469
47600 5469
47700 5438
47800 5517
47900 5553
48000 5520
48100 5537
48200 5576
48300 5729
48400 5590
48500 5609
48600 5592
48700 5643
48800 5642
48900 5522
49000 5671
49100 5711
49200 5699
49300 5646
49400 5687
49500 5694
49600 5794
49700 6029
49800 5971
49900 5791
50000 5805
50100 5761
50200 5830
50300 5915
50400 5812
50500 5844
50600 6077
50700 6094
50800 5926
50900 5869
51000 5897
51100 5966
51200 5989
51300 5919
51400 5906
51500 5884
51600 5867
51700 6020
51800 6079
51900 5994
52000 6070
52100 6081
52200 6031
52300 6015
52400 6125
52500 6115
52600 6100
52700 6167
52800 6073
52900 6145
53000 6106
53100 6079
53200 6109
53300 6186
53400 6198
53500 6141
53600 6212
53700 6228
53800 6203
53900 6133
54000 6205
54100 6323
54200 6334
54300 6314
54400 6219
54500 6380
54600 6236
54700 6336
54800 7883
54900 6935
55000 6755
55100 6450
55200 6381
55300 8760
55400 6803
55500 6998
55600 6464
55700 6477
55800 6575
55900 6534
56000 6479
56100 6540
56200 6519
56300 6528
56400 6571
56500 6613
56600 6624
56700 6543
56800 6796
56900 6728
57000 6713
57100 6699
57200 6879
57300 6710
57400 6706
57500 6725
57600 6630
57700 6741
57800 6694
57900 6675
58000 6678
58100 6708
58200 6720
58300 6702
58400 6780
58500 6722
58600 6735
58700 6794
58800 6853
58900 6959
59000 6852
59100 6921
59200 6845
59300 6836
59400 6872
59500 6892
59600 6907
59700 6849
59800 6898
59900 6954
60000 6893
60100 6945
60200 6987
60300 7071
60400 7061
60500 7062
60600 7136
60700 7035
60800 7050
60900 7162
61000 7103
61100 7072
61200 7095
61300 7204
61400 7244
61500 7113
61600 7306
61700 7454
61800 7170
61900 7264
62000 7225
62100 7246
62200 7244
62300 7231
62400 7309
62500 7188
62600 7338
62700 7253
62800 7332
62900 7571
63000 7876
63100 7337
63200 7579
63300 7334
63400 7354
63500 7325
63600 7412
63700 7434
63800 7776
63900 7577
64000 7857
64100 7708
64200 7733
64300 7665
64400 7725
64500 7699
64600 7763
64700 7720
64800 7607
64900 7720
65000 7816
65100 7721
65200 7638
65300 7744
65400 7804
65500 7835
65600 7833
65700 7906
65800 7903
65900 7895
66000 7926
66100 7883
66200 7890
66300 7894
66400 7990
66500 7973
66600 7979
66700 8160
66800 7969
66900 8083
67000 8069
67100 8222
67200 8061
67300 7967
67400 8047
67500 8299
67600 7996
67700 8114
67800 8035
67900 8055
68000 8137
68100 8229
68200 8185
68300 8145
68400 8189
68500 8403
68600 8357
68700 8272
68800 8430
68900 8222
69000 8255
69100 8515
69200 8402
69300 8209
69400 8389
69500 8358
69600 8361
69700 8527
69800 8355
69900 8363
70000 8308
70100 8345
70200 8471
70300 8599
70400 8554
70500 8491
70600 8430
70700 8394
70800 8475
70900 8710
71000 8566
71100 8499
71200 8476
71300 8717
71400 8411
71500 8743
71600 8626
71700 8627
71800 8469
71900 8733
72000 8766
72100 8721
72200 8761
72300 9005
72400 9935
72500 8701
72600 8676
72700 8619
72800 8594
72900 8776
73000 8675
73100 8657
73200 8705
73300 8648
73400 8883
73500 8756
73600 8734
73700 8769
73800 8828
73900 8913
74000 8802
74100 8737
74200 8860
74300 8998
74400 8916
74500 8826
74600 8977
74700 9006
74800 8910
74900 8926
75000 8949
75100 8864
75200 9370
75300 9748
75400 9057
75500 8843
75600 9018
75700 8874
75800 9069
75900 9292
76000 9132
76100 9032
76200 9032
76300 9035
76400 9055
76500 9105
76600 9168
76700 9126
76800 9096
76900 9294
77000 9150
77100 9246
77200 9415
77300 9282
77400 9585
77500 9336
77600 9321
77700 9303
77800 9231
77900 9290
78000 9441
78100 9991
78200 9472
78300 9335
78400 9283
78500 9348
78600 9347
78700 9485
78800 9330
78900 9265
79000 9544
79100 9371
79200 9301
79300 9559
79400 9703
79500 9880
79600 9449
79700 9386
79800 9487
79900 9536
80000 9439
80100 9349
80200 9583
80300 9695
80400 9552
80500 9793
80600 9660
80700 9741
80800 9721
80900 9685
81000 9911
81100 10153
81200 9869
81300 9671
81400 9707
81500 9771
81600 9883
81700 9593
81800 9716
81900 9668
82000 9817
82100 9911
82200 9819
82300 9930
82400 9697
82500 9734
82600 9784
82700 9783
82800 9893
82900 9862
83000 10213
83100 9869
83200 9974
83300 9918
83400 9988
83500 9874
83600 10051
83700 10088
83800 10076
83900 10018
84000 10032
84100 10172
84200 10024
84300 10091
84400 10015
84500 10139
84600 10279
84700 10273
84800 10029
84900 10027
85000 10124
85100 10179
85200 10096
85300 10073
85400 10256
85500 10184
85600 10442
85700 10187
85800 10175
85900 10165
86000 10181
86100 10229
86200 10465
86300 10201
86400 10313
86500 10302
86600 10285
86700 10347
86800 10636
86900 10337
87000 10388
87100 10396
87200 10556
87300 10445
87400 10445
87500 10525
87600 10517
87700 10373
87800 10567
87900 10629
88000 10403
88100 10554
88200 10501
88300 10378
88400 10603
88500 10582
88600 10712
88700 10728
88800 10730
88900 10603
89000 10967
89100 10597
89200 10699
89300 10848
89400 10766
89500 10816
89600 10766
89700 10734
89800 10887
89900 11009
90000 10774
90100 11013
90200 10772
90300 10702
90400 10839
90500 10841
90600 10812
90700 11049
90800 10983
90900 10906
91000 10874
91100 10929
91200 10908
91300 11364
91400 11015
91500 10958
91600 11011
91700 11022
91800 10995
91900 11066
92000 11063
92100 10983
92200 11188
92300 10933
92400 11129
92500 11064
92600 10999
92700 11050
92800 11195
92900 11572
93000 11124
93100 11203
93200 11097
93300 11415
93400 11382
93500 11168
93600 11315
93700 11213
93800 11281
93900 11209
94000 11170
94100 11287
94200 11349
94300 11314
94400 11222
94500 11292
94600 11587
94700 11852
94800 11468
94900 11301
95000 11298
95100 11413
95200 11329
95300 11641
95400 11514
95500 11858
95600 11472
95700 11399
95800 11754
95900 11594
96000 11456
96100 11526
96200 11657
96300 11495
96400 11536
96500 11569
96600 11548
96700 11753
96800 11631
96900 11811
97000 11851
97100 11786
97200 11761
97300 11747
97400 11580
97500 11775
97600 11832
97700 11997
97800 11645
97900 11609
98000 11729
98100 11768
98200 11710
98300 11763
98400 11875
98500 11677
98600 11845
98700 11860
98800 11720
98900 11772
99000 11882
99100 11739
99200 12082
99300 12043
99400 12138
99500 11931
99600 12468
99700 11814
99800 11994
99900 12110
100000 12480
