500 10
600 14
700 17
800 20
900 21
1000 23
1100 26
1200 29
1300 33
1400 35
1500 37
1600 67
1700 71
1800 72
1900 47
2000 55
2100 54
2200 56
2300 63
2400 64
2500 66
2600 126
2700 119
2800 126
2900 133
3000 136
3100 83
3200 85
3300 93
3400 89
3500 92
3600 94
3700 94
3800 97
3900 97
4000 102
4100 102
4200 106
4300 113
4400 183
4500 129
4600 120
4700 121
4800 124
4900 129
5000 130
5100 136
5200 174
5300 141
5400 144
5500 146
5600 187
5700 152
5800 155
5900 156
6000 159
6100 163
6200 166
6300 166
6400 170
6500 174
6600 175
6700 180
6800 178
6900 179
7000 183
7100 184
7200 186
7300 192
7400 198
7500 193
7600 192
7700 196
7800 198
7900 238
8000 205
8100 204
8200 204
8300 210
8400 218
8500 215
8600 223
8700 223
8800 225
8900 237
9000 232
9100 236
9200 240
9300 244
9400 246
9500 249
9600 322
9700 259
9800 260
9900 261
10000 265
10100 268
10200 273
10300 278
10400 279
10500 281
10600 284
10700 289
10800 292
10900 295
11000 295
11100 299
11200 358
11300 356
11400 313
11500 314
11600 318
11700 320
11800 322
11900 325
12000 329
12100 333
12200 335
12300 339
12400 343
12500 347
12600 347
12700 352
12800 352
12900 352
13000 355
13100 355
13200 358
13300 364
13400 362
13500 364
13600 458
13700 373
13800 372
13900 374
14000 376
14100 377
14200 475
14300 381
14400 386
14500 385
14600 395
14700 394
14800 395
14900 395
15000 398
15100 399
15200 398
15300 403
15400 410
15500 407
15600 411
15700 414
15800 417
15900 419
16000 422
16100 422
16200 424
16300 424
16400 425
16500 432
16600 435
16700 436
16800 1021
16900 444
17000 446
17100 449
17200 453
17300 457
17400 461
17500 473
17600 471
17700 473
17800 476
17900 478
18000 483
18100 484
18200 492
18300 496
18400 497
18500 506
18600 502
18700 509
18800 516
18900 512
19000 518
19100 522
19200 524
19300 529
19400 585
19500 537
19600 538
19700 540
19800 546
19900 549
20000 552
20100 555
20200 557
20300 558
20400 566
20500 568
20600 573
20700 574
20800 581
20900 582
21000 588
21100 593
21200 594
21300 598
21400 597
21500 600
21600 604
21700 624
21800 613
21900 620
22000 616
22100 622
22200 626
22300 627
22400 649
22500 664
22600 635
22700 648
22800 647
22900 658
23000 652
23100 653
23200 659
23300 661
23400 1093
23500 1119
23600 686
23700 1186
23800 1177
23900 691
24000 717
24100 695
24200 873
24300 694
24400 695
24500 709
24600 705
24700 1249
24800 711
24900 714
25000 758
25100 721
25200 820
25300 725
25400 738
25500 747
25600 728
25700 732
25800 735
25900 738
26000 747
26100 742
26200 744
26300 742
26400 749
26500 748
26600 759
26700 762
26800 762
26900 764
27000 764
27100 793
27200 769
27300 772
27400 773
27500 779
27600 788
27700 776
27800 783
27900 780
28000 786
28100 783
28200 789
28300 791
28400 790
28500 795
28600 798
28700 801
28800 804
28900 804
29000 818
29100 817
29200 853
29300 816
29400 821
29500 832
29600 823
29700 839
29800 828
29900 823
30000 829
30100 839
30200 833
30300 831
30400 834
30500 842
30600 836
30700 853
30800 850
30900 849
31000 849
31100 850
31200 854
31300 888
31400 878
31500 862
31600 868
31700 868
31800 1176
31900 886
32000 874
32100 878
32200 877
32300 884
32400 885
32500 906
32600 899
32700 892
32800 888
32900 905
33000 920
33100 915
33200 912
33300 912
33400 963
33500 923
33600 933
33700 932
33800 938
33900 934
34000 941
34100 937
34200 946
34300 945
34400 944
34500 1277
34600 967
34700 962
34800 967
34900 968
35000 987
35100 973
35200 984
35300 984
35400 992
35500 996
35600 997
35700 1001
35800 1001
35900 1005
36000 1012
36100 1021
36200 1026
36300 1026
36400 1032
36500 1035
36600 1043
36700 1040
36800 1049
36900 1075
37000 1059
37100 1056
37200 1053
37300 1061
37400 1058
37500 1069
37600 1067
37700 1070
37800 1074
37900 1075
38000 1081
38100 1086
38200 1091
38300 1098
38400 1094
38500 1098
38600 1104
38700 1115
38800 1107
38900 1122
39000 1121
39100 1124
39200 1127
39300 1124
39400 1125
39500 1129
39600 1138
39700 1292
39800 1140
39900 1145
40000 1143
40100 1150
40200 1159
40300 1159
40400 1452
40500 1206
40600 1183
40700 1182
40800 1182
40900 1186
41000 1193
41100 1204
41200 1197
41300 1198
41400 1204
41500 1216
41600 1214
41700 1216
41800 1216
41900 1216
42000 1234
42100 1232
42200 1237
42300 1238
42400 1234
42500 1246
42600 1299
42700 1247
42800 1264
42900 1256
43000 1263
43100 1261
43200 1264
43300 1273
43400 1276
43500 1272
43600 1281
43700 1279
43800 1285
43900 1290
44000 1294
44100 1294
44200 1302
44300 1302
44400 1309
44500 1319
44600 1302
44700 1314
44800 1315
44900 1321
45000 1394
45100 1407
45200 1325
45300 1330
45400 1337
45500 1344
45600 1343
45700 1345
45800 1350
45900 1352
46000 1352
46100 1368
46200 1366
46300 1373
46400 1379
46500 1371
46600 1374
46700 1376
46800 1514
46900 1384
47000 1395
47100 1425
47200 1392
47300 1399
47400 1410
47500 1402
47600 1410
47700 1422
47800 1420
47900 1427
48000 1430
48100 1437
48200 1434
48300 1463
48400 1620
48500 1444
48600 1442
48700 1456
48800 1480
48900 1463
49000 1464
49100 1472
49200 1481
49300 1485
49400 1485
49500 1485
49600 1498
49700 1494
49800 1501
49900 1497
50000 1497
50100 1496
50200 1502
50300 1505
50400 1520
50500 1512
50600 1511
50700 1513
50800 1516
50900 1521
51000 1533
51100 1533
51200 1525
51300 1519
51400 1526
51500 1538
51600 1532
51700 1537
51800 1605
51900 1537
52000 1551
52100 1539
52200 1552
52300 1548
52400 1553
52500 1555
52600 1555
52700 1552
52800 1559
52900 1564
53000 1568
53100 1571
53200 1571
53300 1575
53400 1577
53500 1580
53600 1581
53700 1588
53800 1617
53900 1585
54000 1593
54100 1592
54200 1595
54300 1644
54400 1600
54500 1617
54600 1603
54700 1610
54800 1850
54900 2875
55000 2707
55100 1650
55200 2665
55300 3038
55400 1659
55500 2069
55600 1639
55700 1641
55800 1647
55900 1640
56000 1639
56100 1651
56200 1632
56300 1655
56400 1651
56500 1646
56600 1640
56700 1654
56800 1676
56900 1687
57000 1653
57100 1678
57200 1664
57300 1675
57400 1673
57500 1686
57600 1673
57700 1700
57800 1682
57900 1673
58000 1679
58100 1694
58200 1694
58300 1688
58400 1700
58500 1692
58600 1716
58700 1705
58800 1707
58900 1722
59000 1715
59100 1710
59200 1720
59300 1719
59400 1735
59500 1723
59600 1722
59700 1728
59800 1734
59900 1784
60000 1738
60100 1729
60200 1727
60300 1741
60400 1738
60500 1739
60600 1746
60700 1737
60800 1773
60900 1744
61000 1761
61100 1762
61200 1756
61300 1771
61400 1773
61500 1773
61600 1773
61700 1771
61800 1769
61900 1785
62000 1785
62100 1784
62200 1794
62300 1803
62400 1789
62500 1788
62600 1794
62700 1803
62800 1887
62900 1969
63000 2143
63100 1804
63200 1810
63300 1831
63400 1823
63500 1828
63600 1819
63700 1851
63800 2243
63900 1875
64000 2063
64100 1878
64200 1876
64300 1879
64400 1890
64500 1891
64600 1898
64700 2939
64800 1885
64900 1892
65000 1896
65100 1903
65200 1904
65300 1918
65400 1937
65500 1912
65600 1928
65700 1907
65800 1925
65900 1959
66000 1928
66100 1942
66200 1936
66300 1941
66400 1972
66500 1974
66600 1948
66700 1962
66800 2218
66900 1969
67000 1997
67100 2003
67200 2071
67300 1985
67400 1988
67500 2154
67600 1998
67700 1998
67800 1991
67900 2115
68000 2008
68100 2018
68200 2056
68300 2027
68400 2031
68500 2233
68600 2035
68700 2052
68800 2058
68900 2051
69000 2032
69100 2042
69200 2043
69300 2064
69400 2056
69500 2060
69600 2069
69700 2127
69800 2069
69900 2083
70000 2080
70100 2084
70200 2112
70300 2098
70400 2108
70500 2108
70600 2111
70700 2120
70800 2114
70900 2110
71000 2116
71100 2125
71200 2117
71300 2087
71400 2135
71500 2153
71600 2146
71700 2319
71800 2156
71900 2157
72000 2177
72100 2171
72200 2272
72300 2193
72400 2180
72500 2186
72600 2175
72700 2296
72800 2193
72900 2392
73000 2197
73100 2219
73200 2206
73300 2219
73400 2217
73500 2224
73600 2228
73700 2230
73800 2253
73900 2240
74000 2244
74100 2246
74200 2249
74300 2275
74400 2261
74500 2261
74600 2271
74700 2251
74800 2265
74900 2280
75000 2272
75100 2258
75200 2284
75300 2293
75400 2431
75500 2283
75600 2286
75700 2287
75800 2300
75900 2309
76000 2300
76100 2316
76200 2331
76300 2329
76400 2359
76500 2362
76600 2336
76700 2348
76800 2356
76900 2382
77000 2377
77100 2352
77200 2360
77300 2385
77400 2387
77500 2381
77600 2376
77700 2385
77800 2395
77900 2401
78000 2391
78100 2364
78200 2403
78300 2391
78400 2400
78500 2414
78600 2369
78700 2405
78800 2414
78900 2402
79000 2613
79100 2466
79200 2645
79300 2655
79400 2428
79500 2431
79600 2443
79700 2427
79800 2435
79900 2443
80000 2451
80100 2447
80200 2476
80300 2418
80400 2458
80500 2465
80600 2482
80700 2472
80800 2487
80900 2786
81000 2486
81100 2439
81200 2497
81300 2492
81400 2648
81500 2514
81600 2471
81700 2517
81800 2517
81900 2553
82000 2561
82100 2529
82200 2552
82300 2494
82400 2569
82500 2540
82600 2543
82700 2569
82800 2649
82900 2689
83000 2578
83100 2589
83200 2670
83300 2576
83400 2593
83500 2616
83600 2592
83700 2595
83800 2637
83900 2609
84000 2554
84100 2936
84200 2624
84300 2611
84400 2607
84500 2642
84600 2634
84700 2647
84800 2643
84900 2649
85000 2648
85100 2620
85200 2656
85300 2673
85400 2676
85500 2674
85600 2691
85700 2665
85800 2679
85900 2679
86000 2686
86100 2682
86200 2933
86300 2686
86400 2691
86500 2739
86600 2701
86700 2731
86800 2691
86900 2725
87000 2708
87100 2725
87200 2735
87300 2865
87400 2782
87500 2722
87600 2750
87700 2740
87800 2737
87900 2752
88000 2779
88100 2764
88200 2895
88300 2855
88400 2769
88500 2768
88600 3434
88700 2786
88800 2791
88900 2788
89000 2727
89100 2781
89200 2787
89300 2797
89400 2817
89500 2853
89600 2804
89700 2831
89800 2811
89900 2809
90000 2912
90100 2807
90200 2850
90300 2895
90400 2830
90500 2834
90600 2895
90700 2845
90800 2856
90900 2849
91000 2852
91100 2856
91200 2871
91300 2877
91400 2893
91500 2882
91600 2922
91700 2893
91800 2977
91900 2890
92000 2878
92100 2906
92200 2898
92300 2911
92400 2914
92500 2998
92600 3188
92700 2925
92800 2940
92900 2937
93000 2944
93100 2930
93200 2935
93300 2930
93400 2937
93500 2936
93600 2944
93700 2949
93800 2958
93900 2964
94000 2968
94100 2974
94200 2963
94300 3005
94400 3001
94500 2982
94600 2988
94700 2990
94800 2990
94900 2996
95000 3030
95100 3009
95200 3144
95300 3034
95400 3295
95500 3001
95600 3033
95700 3041
95800 3040
95900 3038
96000 3102
96100 3045
96200 3079
96300 3055
96400 3075
96500 3057
96600 3069
96700 3069
96800 3081
96900 3096
97000 3884
97100 3074
97200 3088
97300 3076
97400 3132
97500 3105
97600 3107
97700 3051
97800 3105
97900 3104
98000 3105
98100 3130
98200 3130
98300 3143
98400 3159
98500 3095
98600 3151
98700 3179
98800 3154
98900 3166
99000 3157
99100 3169
99200 3169
99300 3100
99400 3192
99500 3482
99600 3169
99700 3298
99800 3184
99900 3194
100000 3194
