500 107
600 140
700 178
800 227
900 185
1000 216
1100 254
1200 289
1300 326
1400 362
1500 409
1600 613
1700 633
1800 642
1900 415
2000 454
2100 495
2200 552
2300 559
2400 597
2500 635
2600 673
2700 1049
2800 840
2900 845
3000 877
3100 904
3200 945
3300 727
3400 761
3500 783
3600 842
3700 846
3800 1073
3900 913
4000 1047
4100 990
4200 1025
4300 1119
4400 1109
4500 1222
4600 1182
4700 1208
4800 1365
4900 1292
5000 1335
5100 1369
5200 1401
5300 1587
5400 1498
5500 1540
5600 1580
5700 1657
5800 1666
5900 1714
6000 1765
6100 1865
6200 1869
6300 1939
6400 1957
6500 1594
6600 1517
6700 1538
6800 1590
6900 1709
7000 1649
7100 1656
7200 1703
7300 1735
7400 1768
7500 1794
7600 1828
7700 1861
7800 1893
7900 1937
8000 2026
8100 2010
8200 2057
8300 2112
8400 2149
8500 2167
8600 2221
8700 2478
8800 2323
8900 2432
9000 2364
9100 2421
9200 2437
9300 2492
9400 2538
9500 2552
9600 2652
9700 2648
9800 2675
9900 2723
10000 2840
10100 2801
10200 2838
10300 2916
10400 2924
10500 3177
10600 3028
10700 3126
10800 3100
10900 3197
11000 3190
11100 3237
11200 3274
11300 3942
11400 3391
11500 3417
11600 3459
11700 3504
11800 3529
11900 3599
12000 3914
12100 3692
12200 3740
12300 3782
12400 3846
12500 3901
12600 3926
12700 4082
12800 4020
12900 3685
13000 3332
13100 3152
13200 3177
13300 3458
13400 3255
13500 3296
13600 3291
13700 3608
13800 3380
13900 3383
14000 3425
14100 3714
14200 3477
14300 3503
14400 3556
14500 3591
14600 3644
14700 3660
14800 3684
14900 3733
15000 3775
15100 3793
15200 3840
15300 3821
15400 3981
15500 3965
15600 3959
15700 3980
15800 4071
15900 4092
16000 4107
16100 4157
16200 4218
16300 4238
16400 4288
16500 4359
16600 4413
16700 4471
16800 4457
16900 4559
17000 4544
17100 4569
17200 4613
17300 4694
17400 4757
17500 4887
17600 4776
17700 5168
17800 4848
17900 4892
18000 4945
18100 4952
18200 5028
18300 5078
18400 5071
18500 5208
18600 5157
18700 5579
18800 5241
18900 5289
19000 5395
19100 5378
19200 5424
19300 5583
19400 5510
19500 5531
19600 5700
19700 5630
19800 5635
19900 5691
20000 5731
20100 6066
20200 5814
20300 5852
20400 6058
20500 6096
20600 5978
20700 6013
20800 6076
20900 6246
21000 6152
21100 6208
21200 6263
21300 6307
21400 6445
21500 6585
21600 6467
21700 6503
21800 6527
21900 6572
22000 6616
22100 6661
22200 6689
22300 6792
22400 6804
22500 6841
22600 6910
22700 7280
22800 7001
22900 7079
23000 7096
23100 7216
23200 7204
23300 7348
23400 7320
23500 7307
23600 7384
23700 7397
23800 7488
23900 7777
24000 8005
24100 7583
24200 7671
24300 7701
24400 7757
24500 7797
24600 7844
24700 7907
24800 7933
24900 8015
25000 8066
25100 8218
25200 8150
25300 8531
25400 8278
25500 8283
25600 8659
25700 7975
25800 7761
25900 7258
26000 7153
26100 6563
26200 6512
26300 6558
26400 6614
26500 6857
26600 6634
26700 6682
26800 6715
26900 6772
27000 6874
27100 6805
27200 7262
27300 7063
27400 7136
27500 6954
27600 7003
27700 7032
27800 7084
27900 7167
28000 7128
28100 7303
28200 7174
28300 7299
28400 7247
28500 7284
28600 7338
28700 7336
28800 7390
28900 7493
29000 7460
29100 7520
29200 7534
29300 7601
29400 7643
29500 7596
29600 7670
29700 7957
29800 7738
29900 7726
30000 7781
30100 7862
30200 7887
30300 7914
30400 7990
30500 8010
30600 8095
30700 8095
30800 8108
30900 8218
31000 8177
31100 8183
31200 8426
31300 8269
31400 8317
31500 8771
31600 8423
31700 8438
31800 8466
31900 8518
32000 8531
32100 8531
32200 8749
32300 8690
32400 8748
32500 8828
32600 8782
32700 8912
32800 8881
32900 9170
33000 9018
33100 9060
33200 9279
33300 9091
33400 9192
33500 9262
33600 9273
33700 9298
33800 9322
33900 9389
34000 9428
34100 9485
34200 9509
34300 9559
34400 9736
34500 9613
34600 9850
34700 9797
34800 9742
34900 9898
35000 9977
35100 9838
35200 9899
35300 10010
35400 9972
35500 10036
35600 10108
35700 10170
35800 10122
35900 10319
36000 10218
36100 10253
36200 10627
36300 10346
36400 10344
36500 10416
36600 10473
36700 10526
36800 10529
36900 10672
37000 10618
37100 10965
37200 10740
37300 10746
37400 10793
37500 11443
37600 10956
37700 11114
37800 11037
37900 11056
38000 11032
38100 11066
38200 11118
38300 11159
38400 11941
38500 11252
38600 11539
38700 11321
38800 11363
38900 11474
39000 11546
39100 11497
39200 11593
39300 11549
39400 11628
39500 11676
39600 11687
39700 11709
39800 11773
39900 11819
40000 11872
40100 11920
40200 11970
40300 11999
40400 12422
40500 12061
40600 12116
40700 12186
40800 12203
40900 12355
41000 12452
41100 12403
41200 12467
41300 12417
41400 12824
41500 12514
41600 12598
41700 12623
41800 12874
41900 12685
42000 12764
42100 13006
42200 12967
42300 12877
42400 13102
42500 12998
42600 13031
42700 13091
42800 13136
42900 13451
43000 13212
43100 13235
43200 13337
43300 13365
43400 13370
43500 13494
43600 13444
43700 13552
43800 14156
43900 13765
44000 13709
44100 13713
44200 13917
44300 14036
44400 13885
44500 14060
44600 13974
44700 14026
44800 14124
44900 14104
45000 14139
45100 14194
45200 14299
45300 14286
45400 14350
45500 14461
45600 14430
45700 14535
45800 14540
45900 14550
46000 14614
46100 14876
46200 14721
46300 14755
46400 14829
46500 14821
46600 15002
46700 15053
46800 14993
46900 15052
47000 15123
47100 15176
47200 15187
47300 15356
47400 15280
47500 15386
47600 15379
47700 15473
47800 15596
47900 15551
48000 15566
48100 15636
48200 15690
48300 15715
48400 15787
48500 15842
48600 15882
48700 15892
48800 16005
48900 16016
49000 16086
49100 16114
49200 16217
49300 16327
49400 16432
49500 16317
49600 16377
49700 16516
49800 16496
49900 16613
50000 16614
50100 16632
50200 16688
50300 16829
50400 16945
50500 16819
50600 16895
50700 16950
50800 17006
50900 17071
51000 17098
51100 17262
51200 17417
51300 16854
51400 16826
51500 20022
51600 15778
51700 15411
51800 15067
51900 14679
52000 14343
52100 14022
52200 13654
52300 13581
52400 13597
52500 13657
52600 13709
52700 13849
52800 13744
52900 13769
53000 13829
53100 13910
53200 13859
53300 14059
53400 13916
53500 13944
53600 14053
53700 14027
53800 14071
53900 14126
54000 14143
54100 14174
54200 14240
54300 14315
54400 14274
54500 14296
54600 14377
54700 14388
54800 14421
54900 14488
55000 14503
55100 14673
55200 14558
55300 14570
55400 14626
55500 14644
55600 14704
55700 14746
55800 14778
55900 15897
56000 14885
56100 14877
56200 14895
56300 14933
56400 14932
56500 15038
56600 15018
56700 15043
56800 15126
56900 15151
57000 15254
57100 15212
57200 15262
57300 15309
57400 15339
57500 15373
57600 15823
57700 15568
57800 15440
57900 15634
58000 15573
58100 15739
58200 15626
58300 15620
58400 15648
58500 15837
58600 16247
58700 15783
58800 15847
58900 15910
59000 15901
59100 16486
59200 15990
59300 15971
59400 16032
59500 16140
59600 16101
59700 16212
59800 16335
59900 16182
60000 16253
60100 16661
60200 16324
60300 16391
60400 16517
60500 16411
60600 16487
60700 16574
60800 16543
60900 16599
61000 16634
61100 16647
61200 16675
61300 16689
61400 16654
61500 16786
61600 16912
61700 16838
61800 17002
61900 16985
62000 16977
62100 17112
62200 17066
62300 17074
62400 17190
62500 17194
62600 17191
62700 17292
62800 17528
62900 17253
63000 17368
63100 17429
63200 17612
63300 17523
63400 17526
63500 17966
63600 17659
63700 17872
63800 17692
63900 17698
64000 17785
64100 17779
64200 17800
64300 18066
64400 17919
64500 17976
64600 18124
64700 18092
64800 18220
64900 18104
65000 18157
65100 18145
65200 18188
65300 18570
65400 18259
65500 18314
65600 18414
65700 18512
65800 18567
65900 18801
66000 18749
66100 18770
66200 18962
66300 18839
66400 18965
66500 19093
66600 18994
66700 18996
66800 19150
66900 19119
67000 19192
67100 19142
67200 19252
67300 19275
67400 19212
67500 19672
67600 19635
67700 19439
67800 19476
67900 19509
68000 19620
68100 19572
68200 19688
68300 19682
68400 19733
68500 19732
68600 19817
68700 19836
68800 20071
68900 19951
69000 19962
69100 20011
69200 19995
69300 20093
69400 20135
69500 20122
69600 20294
69700 20200
69800 20354
69900 20587
70000 20526
70100 20352
70200 20436
70300 20492
70400 20896
70500 20585
70600 20806
70700 20657
70800 21073
70900 20867
71000 20744
71100 20863
71200 20808
71300 20860
71400 20910
71500 20941
71600 20991
71700 21019
71800 21191
71900 21153
72000 21208
72100 21239
72200 21310
72300 21662
72400 22130
72500 21520
72600 21272
72700 21489
72800 21514
72900 21512
73000 21620
73100 21728
73200 21968
73300 21705
73400 21727
73500 21980
73600 21858
73700 21920
73800 21902
73900 22268
74000 22921
74100 22117
74200 22078
74300 22057
74400 22433
74500 22665
74600 22267
74700 22309
74800 22368
74900 22397
75000 22432
75100 22461
75200 22815
75300 22633
75400 22633
75500 22966
75600 22784
75700 22697
75800 22824
75900 22976
76000 22836
76100 22869
76200 22960
76300 22937
76400 23034
76500 23057
76600 23000
76700 23160
76800 23738
76900 23233
77000 23326
77100 23322
77200 23361
77300 23397
77400 23453
77500 23478
77600 23580
77700 23565
77800 23612
77900 23641
78000 23710
78100 23820
78200 23795
78300 23893
78400 23883
78500 23986
78600 23951
78700 24026
78800 24084
78900 24099
79000 24129
79100 24195
79200 24293
79300 24550
79400 24357
79500 24398
79600 24505
79700 24403
79800 24486
79900 24523
80000 24798
80100 24606
80200 24761
80300 24727
80400 24796
80500 24823
80600 25030
80700 24887
80800 24985
80900 24952
81000 25361
81100 25120
81200 25408
81300 25153
81400 25181
81500 25238
81600 25316
81700 25521
81800 25354
81900 25411
82000 25426
82100 25538
82200 25536
82300 25592
82400 25672
82500 25678
82600 25694
82700 25757
82800 25807
82900 25904
83000 25897
83100 25998
83200 25967
83300 26044
83400 26112
83500 26299
83600 26192
83700 26222
83800 26482
83900 26353
84000 27495
84100 26414
84200 26833
84300 26568
84400 26605
84500 26764
84600 26766
84700 26763
84800 26735
84900 26943
85000 26980
85100 27232
85200 27056
85300 27040
85400 27104
85500 27117
85600 27203
85700 27244
85800 27255
85900 27434
86000 27401
86100 27403
86200 27461
86300 27488
86400 27534
86500 27603
86600 27620
86700 27676
86800 27708
86900 27748
87000 28339
87100 27856
87200 28071
87300 28083
87400 28085
87500 28067
87600 28161
87700 28109
87800 28387
87900 28254
88000 28460
88100 28435
88200 28393
88300 28473
88400 28679
88500 28543
88600 28563
88700 28542
88800 29797
88900 28984
89000 28708
89100 28803
89200 28972
89300 28904
89400 29023
89500 29107
89600 29018
89700 29133
89800 29248
89900 29238
90000 29222
90100 29299
90200 29358
90300 29412
90400 29521
90500 29448
90600 29682
90700 29556
90800 29610
90900 29734
91000 29737
91100 29840
91200 29861
91300 29845
91400 29970
91500 30070
91600 30109
91700 30054
91800 30101
91900 30402
92000 30245
92100 30497
92200 30292
92300 30367
92400 30423
92500 30576
92600 30485
92700 31082
92800 30592
92900 30718
93000 30684
93100 30733
93200 31188
93300 30866
93400 31265
93500 31028
93600 31115
93700 31086
93800 31049
93900 31906
94000 31195
94100 31257
94200 31513
94300 31323
94400 31371
94500 31425
94600 32811
94700 31725
94800 31645
94900 31854
95000 31663
95100 31736
95200 31799
95300 31970
95400 31835
95500 31987
95600 32401
95700 32058
95800 32164
95900 32081
96000 33098
96100 32220
96200 32348
96300 32338
96400 33618
96500 32469
96600 32599
96700 52922
96800 32864
96900 32646
97000 32684
97100 32742
97200 32839
97300 32844
97400 32918
97500 33082
97600 33138
97700 33079
97800 33084
97900 33157
98000 33221
98100 33315
98200 33343
98300 33399
98400 33458
98500 33534
98600 33507
98700 33519
98800 33661
98900 33751
99000 33693
99100 33798
99200 33838
99300 34253
99400 34323
99500 34041
99600 34068
99700 34043
99800 34141
99900 34486
100000 34468
