500 89
600 116
700 137
800 159
900 220
1000 183
1100 212
1200 232
1300 254
1400 276
1500 301
1600 335
1700 669
1800 638
1900 440
2000 383
2100 415
2200 438
2300 457
2400 480
2500 506
2600 533
2700 873
2800 714
2900 675
3000 665
3100 674
3200 699
3300 742
3400 761
3500 786
3600 830
3700 851
3800 882
3900 866
4000 811
4100 845
4200 884
4300 1478
4400 939
4500 954
4600 975
4700 1001
4800 1024
4900 1049
5000 1073
5100 1095
5200 1268
5300 1152
5400 1175
5500 1206
5600 1224
5700 1307
5800 1283
5900 1311
6000 1335
6100 1378
6200 1405
6300 1436
6400 1454
6500 1479
6600 1512
6700 1548
6800 1569
6900 1623
7000 1651
7100 1664
7200 1698
7300 1735
7400 1769
7500 1808
7600 1827
7700 1861
7800 1772
7900 1711
8000 1695
8100 1724
8200 1755
8300 1820
8400 1857
8500 1860
8600 1905
8700 2063
8800 1964
8900 1978
9000 2006
9100 2042
9200 2024
9300 2092
9400 2118
9500 2100
9600 2154
9700 2233
9800 2205
9900 2281
10000 2261
10100 2266
10200 2308
10300 2339
10400 2353
10500 2377
10600 2441
10700 2422
10800 2493
10900 2541
11000 2539
11100 2557
11200 2564
11300 2623
11400 2669
11500 2672
11600 2696
11700 2770
11800 2742
11900 2875
12000 2810
12100 2858
12200 2867
12300 2896
12400 2924
12500 2983
12600 3066
12700 3023
12800 3028
12900 3065
13000 3205
13100 3162
13200 3199
13300 3234
13400 3219
13500 3266
13600 3311
13700 3349
13800 3617
13900 3379
14000 3427
14100 3450
14200 3475
14300 3526
14400 3548
14500 3585
14600 3621
14700 3771
14800 3710
14900 3906
15000 4093
15100 3810
15200 3822
15300 4127
15400 3850
15500 3776
15600 3727
15700 3669
15800 3569
15900 3539
16000 3565
16100 3602
16200 3599
16300 3631
16400 3756
16500 3814
16600 3786
16700 3836
16800 3914
16900 3899
17000 3937
17100 3945
17200 4030
17300 3992
17400 4024
17500 4131
17600 4074
17700 4138
17800 4154
17900 4161
18000 4142
18100 4229
18200 4233
18300 4234
18400 4268
18500 4302
18600 4327
18700 4359
18800 4381
18900 4466
19000 4438
19100 4444
19200 4460
19300 4481
19400 4502
19500 4544
19600 4830
19700 4601
19800 4633
19900 4687
20000 4699
20100 4708
20200 4745
20300 4797
20400 4806
20500 4807
20600 4844
20700 4866
20800 4917
20900 4937
21000 4944
21100 5024
21200 5047
21300 5103
21400 5058
21500 5108
21600 5175
21700 5180
21800 5213
21900 5249
22000 5281
22100 5312
22200 5329
22300 5589
22400 5373
22500 5409
22600 5434
22700 5457
22800 5500
22900 5526
23000 5588
23100 5756
23200 5700
23300 5666
23400 5649
23500 5707
23600 5719
23700 5770
23800 5904
23900 5855
24000 5866
24100 5978
24200 5931
24300 6124
24400 6010
24500 6005
24600 6127
24700 6077
24800 6088
24900 6108
25000 6156
25100 6477
25200 6243
25300 6256
25400 6285
25500 6312
25600 6393
25700 6404
25800 6528
25900 6434
26000 6460
26100 6472
26200 6539
26300 6556
26400 6599
26500 6872
26600 6930
26700 6691
26800 6705
26900 7033
27000 6837
27100 6807
27200 6885
27300 6888
27400 7099
27500 6957
27600 6990
27700 7013
27800 7037
27900 7136
28000 7149
28100 7171
28200 7193
28300 7193
28400 7307
28500 7276
28600 7319
28700 7316
28800 7390
28900 7644
29000 7473
29100 7585
29200 7530
29300 7527
29400 7596
29500 7724
29600 7672
29700 7786
29800 7731
29900 7730
30000 7763
30100 7846
30200 7873
30300 7893
30400 7922
30500 8100
30600 8022
30700 8145
30800 7988
30900 8083
31000 7877
31100 7789
31200 7919
31300 7672
31400 7614
31500 7563
31600 7509
31700 7451
31800 7660
31900 7445
32000 7461
32100 7492
32200 7532
32300 7544
32400 7583
32500 7596
32600 7611
32700 7680
32800 7678
32900 7732
33000 7846
33100 7886
33200 8066
33300 8118
33400 8031
33500 8072
33600 8087
33700 8117
33800 8129
33900 8283
34000 8200
34100 8236
34200 8260
34300 8268
34400 8286
34500 8323
34600 8429
34700 8550
34800 8414
34900 8519
35000 8457
35100 8515
35200 8546
35300 8548
35400 8576
35500 8630
35600 8713
35700 8656
35800 8704
35900 8660
36000 8685
36100 8754
36200 8955
36300 8771
36400 8794
36500 8824
36600 8875
36700 8892
36800 8894
36900 9105
37000 8977
37100 8998
37200 9052
37300 9220
37400 9120
37500 9221
37600 9161
37700 9168
37800 9228
37900 9182
38000 9230
38100 9278
38200 9313
38300 9328
38400 9366
38500 9386
38600 9365
38700 9550
38800 9453
38900 9522
39000 9571
39100 9532
39200 9670
39300 9665
39400 9616
39500 9658
39600 9768
39700 9788
39800 9734
39900 9823
40000 9755
40100 9793
40200 9813
40300 9856
40400 10215
40500 9960
40600 9937
40700 10094
40800 9987
40900 10014
41000 10044
41100 10094
41200 10113
41300 10144
41400 10207
41500 10235
41600 10253
41700 10259
41800 10758
41900 10358
42000 10317
42100 10567
42200 10601
42300 10443
42400 10624
42500 10505
42600 10597
42700 10671
42800 10659
42900 10789
43000 10829
43100 10704
43200 10871
43300 10760
43400 10802
43500 10832
43600 10994
43700 10910
43800 10946
43900 10983
44000 11126
44100 10996
44200 11030
44300 11086
44400 11109
44500 11148
44600 11162
44700 11218
44800 11229
44900 11259
45000 11295
45100 11334
45200 11351
45300 11356
45400 11419
45500 11437
45600 11482
45700 11493
45800 11627
45900 11612
46000 11603
46100 11626
46200 11697
46300 11712
46400 11730
46500 12296
46600 11778
46700 11806
46800 11844
46900 11868
47000 11923
47100 11927
47200 11972
47300 11991
47400 12164
47500 12823
47600 12198
47700 12137
47800 12236
47900 12205
48000 12217
48100 12247
48200 12690
48300 12330
48400 12345
48500 12392
48600 12394
48700 12578
48800 12451
48900 12511
49000 12517
49100 12545
49200 12590
49300 12616
49400 12660
49500 12665
49600 12710
49700 12799
49800 12791
49900 12814
50000 12834
50100 12885
50200 12875
50300 12913
50400 13158
50500 13253
50600 13063
50700 13065
50800 13112
50900 13126
51000 13173
51100 13351
51200 13233
51300 13319
51400 13276
51500 14108
51600 13421
51700 13651
51800 13539
51900 14146
52000 13533
52100 13469
52200 13522
52300 13554
52400 13579
52500 14225
52600 13690
52700 13864
52800 13802
52900 13743
53000 13836
53100 13840
53200 13898
53300 13911
53400 13910
53500 14058
53600 14029
53700 14011
53800 14100
53900 14138
54000 14145
54100 14246
54200 14234
54300 15001
54400 14287
54500 14303
54600 14373
54700 14440
54800 14434
54900 14446
55000 14552
55100 14713
55200 14667
55300 14591
55400 14726
55500 14698
55600 14717
55700 14750
55800 14780
55900 14814
56000 15006
56100 14853
56200 14912
56300 14918
56400 14957
56500 15021
56600 15095
56700 15136
56800 15134
56900 15171
57000 15153
57100 15223
57200 15347
57300 15266
57400 15323
57500 15375
57600 15485
57700 15429
57800 15620
57900 15609
58000 15716
58100 15568
58200 15615
58300 15705
58400 15633
58500 16079
58600 15840
58700 15823
58800 15885
58900 15917
59000 15975
59100 15922
59200 15980
59300 15995
59400 16009
59500 16097
59600 16098
59700 16183
59800 16175
59900 16236
60000 16263
60100 16302
60200 16386
60300 16400
60400 16402
60500 16410
60600 16477
60700 16506
60800 16592
60900 16603
61000 16602
61100 16641
61200 16691
61300 16732
61400 16644
61500 16737
61600 16647
61700 17131
61800 16526
61900 16487
62000 16407
62100 16457
62200 16472
62300 16220
62400 16140
62500 16079
62600 16004
62700 16613
62800 15905
62900 15905
63000 15766
63100 15776
63200 15744
63300 15655
63400 15510
63500 15481
63600 15514
63700 15526
63800 15523
63900 15597
64000 15589
64100 15837
64200 15723
64300 16018
64400 15708
64500 15758
64600 15917
64700 15811
64800 15838
64900 15823
65000 15976
65100 15931
65200 15891
65300 15979
65400 15921
65500 16426
65600 16014
65700 16232
65800 16185
65900 16267
66000 16439
66100 16402
66200 16442
66300 16509
66400 16629
66500 16606
66600 16632
66700 16764
66800 16808
66900 16789
67000 16827
67100 16946
67200 16894
67300 16920
67400 17152
67500 17008
67600 17074
67700 17078
67800 17048
67900 17112
68000 17124
68100 17150
68200 17190
68300 17653
68400 17227
68500 17242
68600 17273
68700 17466
68800 17306
68900 17338
69000 17419
69100 17403
69200 17425
69300 17485
69400 17486
69500 17565
69600 17657
69700 17576
69800 18128
69900 17890
70000 17726
70100 18217
70200 18116
70300 18104
70400 17827
70500 17838
70600 17889
70700 17995
70800 17870
70900 17957
71000 18262
71100 17945
71200 18264
71300 18025
71400 18169
71500 18088
71600 18133
71700 18055
71800 18079
71900 18148
72000 18129
72100 18217
72200 18240
72300 18254
72400 18376
72500 18292
72600 18531
72700 18835
72800 18435
72900 18404
73000 18400
73100 18453
73200 18498
73300 18513
73400 18622
73500 18825
73600 18580
73700 18604
73800 18639
73900 18664
74000 18736
74100 18909
74200 18771
74300 18842
74400 19012
74500 19079
74600 18914
74700 19083
74800 18957
74900 19043
75000 19860
75100 19062
75200 19096
75300 19238
75400 19202
75500 19187
75600 19206
75700 19271
75800 19178
75900 19298
76000 19233
76100 19471
76200 19358
76300 19334
76400 19420
76500 19408
76600 19470
76700 19470
76800 19543
76900 19537
77000 19497
77100 19555
77200 19635
77300 19598
77400 19612
77500 19721
77600 19789
77700 19690
77800 19716
77900 19782
78000 19821
78100 19822
78200 19963
78300 19965
78400 20012
78500 19992
78600 20075
78700 20054
78800 20071
78900 20127
79000 20136
79100 20236
79200 20432
79300 20396
79400 20228
79500 20323
79600 20313
79700 20352
79800 20371
79900 20913
80000 20386
80100 20415
80200 20479
80300 20553
80400 20518
80500 20574
80600 20591
80700 20604
80800 20720
80900 20641
81000 20727
81100 20783
81200 20762
81300 20759
81400 21117
81500 20842
81600 20862
81700 20857
81800 20966
81900 20880
82000 20944
82100 21024
82200 21033
82300 21853
82400 21424
82500 21446
82600 21163
82700 22006
82800 21684
82900 21256
83000 21282
83100 21321
83200 21347
83300 21453
83400 21445
83500 21646
83600 21520
83700 21526
83800 21712
83900 21706
84000 21557
84100 21558
84200 21610
84300 21675
84400 21786
84500 21783
84600 21844
84700 21871
84800 21861
84900 22392
85000 21974
85100 22071
85200 22041
85300 22298
85400 22091
85500 22128
85600 22153
85700 22160
85800 22115
85900 22485
86000 22243
86100 22307
86200 22372
86300 22402
86400 22374
86500 22434
86600 22519
86700 22499
86800 22582
86900 22680
87000 22619
87100 22590
87200 22770
87300 22680
87400 22810
87500 22890
87600 22814
87700 22854
87800 22872
87900 22869
88000 23155
88100 22963
88200 23204
88300 23002
88400 23458
88500 23027
88600 23184
88700 23446
88800 23152
88900 23189
89000 23664
89100 23220
89200 23393
89300 23301
89400 23599
89500 23403
89600 23408
89700 23401
89800 23505
89900 23420
90000 23446
90100 23529
90200 23622
90300 23634
90400 23659
90500 23737
90600 23703
90700 23785
90800 23810
90900 23818
91000 23895
91100 23879
91200 23908
91300 23989
91400 24096
91500 24065
91600 24141
91700 25345
91800 24098
91900 24359
92000 24207
92100 25388
92200 24306
92300 24249
92400 24293
92500 24309
92600 24376
92700 24705
92800 24395
92900 24559
93000 24472
93100 24621
93200 24538
93300 24566
93400 24621
93500 24638
93600 25049
93700 24693
93800 24755
93900 24981
94000 24793
94100 24789
94200 24957
94300 24851
94400 24915
94500 25034
94600 25258
94700 25055
94800 25066
94900 25205
95000 25190
95100 25142
95200 25329
95300 25264
95400 25289
95500 25334
95600 25348
95700 25409
95800 25401
95900 25444
96000 25488
96100 25532
96200 25534
96300 25567
96400 25949
96500 25613
96600 25656
96700 42243
96800 25772
96900 25743
97000 25809
97100 25858
97200 26287
97300 25894
97400 25913
97500 25949
97600 25958
97700 25935
97800 26016
97900 26033
98000 26090
98100 26129
98200 26297
98300 26177
98400 26229
98500 26299
98600 26286
98700 26402
98800 26362
98900 26414
99000 26437
99100 26502
99200 26502
99300 26519
99400 26574
99500 26599
99600 26690
99700 26665
99800 26744
99900 26820
100000 26762
