500 106
600 128
700 163
800 212
900 187
1000 200
1100 231
1200 243
1300 264
1400 339
1500 430
1600 387
1700 774
1800 655
1900 465
2000 414
2100 450
2200 475
2300 488
2400 512
2500 527
2600 562
2700 634
2800 769
2900 844
3000 754
3100 792
3200 758
3300 778
3400 787
3500 809
3600 904
3700 841
3800 839
3900 933
4000 877
4100 892
4200 1085
4300 983
4400 1008
4500 1018
4600 1038
4700 1056
4800 1088
4900 1087
5000 1111
5100 1121
5200 1168
5300 1247
5400 1299
5500 1363
5600 1416
5700 1462
5800 1467
5900 1460
6000 1484
6100 1503
6200 1538
6300 1568
6400 1575
6500 1576
6600 1593
6700 1606
6800 1631
6900 2022
7000 1772
7100 1705
7200 1690
7300 1716
7400 1739
7500 1743
7600 1759
7700 1779
7800 1807
7900 1825
8000 1825
8100 1851
8200 1878
8300 1961
8400 1978
8500 1996
8600 2066
8700 2077
8800 2094
8900 2106
9000 2122
9100 2126
9200 2154
9300 2214
9400 2221
9500 2208
9600 2253
9700 2264
9800 2450
9900 2302
10000 2323
10100 2326
10200 2346
10300 2385
10400 2793
10500 2826
10600 2592
10700 2637
10800 2723
10900 2800
11000 2845
11100 2916
11200 2973
11300 3624
11400 3810
11500 3053
11600 3068
11700 3083
11800 3121
11900 3128
12000 3133
12100 3117
12200 3159
12300 3160
12400 3244
12500 3277
12600 3241
12700 3320
12800 3291
12900 3287
13000 3309
13100 3363
13200 3376
13300 3354
13400 3511
13500 3389
13600 3408
13700 3409
13800 3470
13900 3483
14000 3470
14100 3506
14200 3511
14300 3523
14400 3559
14500 3582
14600 3604
14700 3626
14800 3602
14900 3638
15000 3648
15100 3651
15200 3675
15300 4048
15400 3689
15500 3755
15600 3846
15700 3775
15800 3785
15900 3793
16000 3817
16100 3947
16200 3871
16300 3877
16400 3926
16500 4018
16600 4028
16700 4091
16800 4144
16900 4222
17000 4223
17100 4253
17200 4253
17300 4347
17400 4305
17500 4468
17600 4445
17700 4405
17800 4473
17900 4428
18000 4441
18100 4427
18200 4452
18300 4485
18400 4493
18500 4571
18600 4640
18700 4594
18800 4599
18900 4639
19000 4662
19100 4659
19200 4680
19300 4693
19400 4730
19500 4732
19600 4720
19700 4812
19800 4788
19900 4959
20000 4834
20100 4827
20200 4887
20300 4928
20400 4919
20500 4887
20600 5170
20700 5030
20800 5085
20900 5159
21000 5255
21100 5343
21200 5396
21300 5447
21400 5598
21500 5584
21600 5724
21700 5725
21800 5776
21900 5850
22000 5936
22100 5998
22200 6054
22300 6142
22400 6158
22500 6192
22600 6276
22700 6259
22800 6285
22900 6284
23000 6360
23100 6493
23200 6347
23300 6407
23400 6435
23500 6374
23600 6452
23700 6444
23800 6509
23900 6590
24000 6499
24100 6609
24200 6637
24300 6657
24400 6525
24500 6523
24600 6573
24700 6599
24800 6596
24900 6643
25000 6691
25100 6763
25200 6771
25300 6797
25400 6847
25500 6807
25600 6899
25700 6996
25800 6822
25900 6848
26000 6890
26100 6894
26200 6981
26300 6902
26400 6925
26500 7229
26600 7143
26700 6949
26800 6969
26900 7014
27000 7252
27100 7095
27200 7288
27300 7129
27400 7654
27500 7253
27600 7149
27700 7163
27800 7159
27900 7251
28000 7253
28100 7226
28200 7280
28300 7283
28400 7378
28500 7323
28600 7342
28700 7368
28800 7382
28900 7381
29000 7438
29100 7550
29200 7497
29300 7481
29400 7535
29500 7590
29600 7561
29700 7558
29800 7893
29900 7577
30000 7593
30100 7748
30200 7670
30300 7648
30400 7735
30500 7699
30600 7864
30700 7717
30800 7725
30900 8005
31000 7810
31100 7808
31200 7823
31300 7866
31400 7865
31500 7897
31600 7951
31700 7939
31800 8263
31900 7965
32000 8020
32100 8008
32200 8021
32300 8327
32400 8114
32500 8603
32600 8070
32700 8050
32800 8148
32900 8254
33000 8761
33100 8377
33200 8473
33300 8492
33400 8570
33500 8582
33600 8601
33700 8669
33800 8888
33900 8776
34000 8790
34100 8780
34200 9066
34300 8866
34400 8884
34500 8910
34600 9018
34700 9059
34800 9080
34900 9139
35000 9083
35100 9116
35200 9274
35300 9160
35400 9163
35500 9219
35600 9270
35700 9241
35800 9264
35900 9147
36000 9239
36100 9490
36200 9536
36300 9274
36400 9327
36500 9330
36600 9356
36700 9360
36800 9417
36900 9642
37000 9473
37100 9476
37200 9483
37300 9541
37400 9603
37500 9702
37600 9631
37700 9627
37800 9742
37900 9823
38000 9910
38100 9799
38200 9770
38300 9833
38400 9765
38500 9813
38600 9809
38700 9839
38800 9922
38900 9999
39000 10026
39100 9850
39200 9918
39300 9899
39400 9914
39500 9973
39600 10033
39700 9987
39800 10007
39900 10017
40000 10309
40100 10093
40200 10087
40300 10114
40400 10444
40500 10162
40600 10150
40700 10216
40800 10201
40900 10286
41000 10249
41100 10303
41200 10399
41300 10471
41400 10499
41500 10702
41600 10658
41700 10710
41800 10780
41900 10842
42000 11309
42100 10979
42200 11658
42300 11120
42400 11289
42500 11570
42600 11347
42700 11441
42800 11504
42900 11642
43000 11851
43100 11680
43200 11744
43300 11831
43400 12005
43500 11980
43600 12044
43700 12122
43800 12156
43900 12370
44000 12336
44100 12425
44200 12593
44300 12575
44400 12612
44500 12681
44600 12701
44700 12787
44800 12834
44900 12868
45000 12875
45100 13109
45200 12975
45300 12954
45400 13394
45500 13102
45600 13094
45700 13085
45800 13070
45900 13113
46000 13129
46100 13129
46200 13190
46300 13230
46400 13182
46500 13194
46600 13300
46700 13282
46800 13266
46900 13244
47000 13234
47100 13340
47200 13359
47300 13440
47400 13516
47500 13437
47600 13421
47700 13447
47800 13593
47900 13585
48000 13500
48100 13538
48200 13588
48300 13557
48400 13534
48500 13590
48600 13570
48700 13758
48800 13553
48900 13601
49000 13589
49100 13654
49200 13630
49300 13719
49400 13702
49500 13747
49600 13873
49700 13823
49800 13843
49900 14001
50000 14526
50100 14449
50200 13964
50300 14018
50400 14022
50500 14018
50600 14045
50700 14119
50800 14356
50900 14631
51000 14306
51100 14149
51200 14158
51300 14162
51400 14144
51500 21070
51600 14158
51700 14263
51800 14195
51900 14269
52000 14335
52100 14360
52200 14621
52300 14366
52400 14374
52500 14371
52600 14418
52700 14473
52800 14492
52900 14551
53000 14448
53100 14461
53200 14498
53300 14461
53400 14449
53500 14603
53600 14600
53700 14651
53800 14653
53900 14691
54000 14609
54100 14706
54200 14698
54300 14714
54400 14813
54500 14887
54600 14692
54700 14798
54800 14872
54900 14914
55000 14864
55100 14928
55200 14985
55300 14953
55400 15024
55500 15001
55600 15052
55700 15016
55800 15163
55900 15099
56000 15165
56100 15076
56200 15541
56300 15172
56400 15139
56500 15157
56600 15146
56700 15201
56800 15235
56900 15299
57000 15705
57100 15291
57200 15284
57300 15295
57400 15305
57500 15346
57600 15449
57700 15381
57800 15455
57900 15557
58000 15855
58100 15529
58200 15612
58300 15625
58400 15601
58500 15699
58600 15590
58700 15738
58800 15883
58900 15724
59000 15701
59100 15749
59200 15745
59300 15841
59400 15719
59500 15735
59600 15939
59700 15762
59800 15833
59900 15817
60000 15848
60100 15869
60200 15995
60300 15878
60400 15959
60500 15942
60600 15968
60700 15995
60800 16028
60900 16016
61000 15970
61100 16115
61200 15988
61300 16046
61400 16095
61500 16076
61600 16087
61700 16121
61800 16163
61900 16126
62000 16196
62100 16235
62200 16254
62300 16270
62400 16326
62500 16305
62600 16296
62700 16344
62800 16355
62900 16428
63000 16424
63100 16473
63200 16625
63300 16482
63400 16590
63500 16799
63600 16648
63700 16619
63800 16675
63900 16698
64000 16628
64100 16942
64200 16653
64300 16849
64400 16744
64500 16758
64600 16760
64700 16807
64800 16810
64900 16868
65000 16743
65100 16799
65200 17373
65300 16801
65400 16820
65500 16841
65600 16938
65700 17154
65800 17127
65900 17436
66000 17283
66100 17579
66200 17434
66300 17638
66400 17533
66500 17566
66600 17745
66700 17660
66800 17836
66900 18130
67000 17831
67100 17819
67200 17919
67300 18133
67400 18041
67500 18046
67600 18274
67700 18143
67800 18127
67900 18628
68000 18270
68100 18226
68200 18295
68300 18310
68400 18300
68500 18663
68600 18664
68700 18440
68800 18402
68900 18614
69000 18497
69100 18698
69200 19181
69300 18822
69400 18626
69500 18711
69600 18736
69700 18761
69800 18760
69900 18798
70000 18825
70100 19281
70200 18892
70300 18914
70400 19176
70500 18938
70600 19174
70700 18987
70800 19173
70900 19028
71000 19088
71100 19062
71200 19116
71300 19063
71400 19127
71500 19222
71600 19249
71700 19519
71800 19190
71900 19127
72000 19270
72100 19155
72200 19142
72300 19272
72400 19274
72500 19316
72600 19320
72700 19311
72800 19496
72900 19467
73000 19361
73100 19447
73200 19440
73300 19513
73400 19466
73500 19505
73600 19539
73700 19664
73800 19587
73900 19549
74000 19595
74100 19675
74200 19836
74300 19990
74400 19732
74500 19797
74600 19794
74700 19809
74800 19856
74900 19890
75000 20029
75100 20387
75200 20016
75300 20219
75400 20300
75500 20008
75600 20053
75700 20181
75800 20070
75900 20121
76000 20173
76100 20169
76200 20228
76300 20177
76400 20534
76500 20240
76600 20280
76700 20533
76800 20328
76900 20484
77000 20613
77100 20416
77200 20668
77300 20495
77400 20511
77500 20461
77600 20491
77700 20595
77800 20548
77900 21508
78000 20492
78100 20504
78200 20509
78300 20580
78400 20591
78500 20590
78600 20632
78700 20624
78800 20635
78900 21029
79000 20693
79100 20688
79200 20789
79300 20776
79400 20775
79500 20808
79600 20854
79700 20891
79800 20873
79900 20888
80000 20900
80100 20967
80200 21748
80300 21026
80400 21004
80500 21058
80600 21037
80700 21082
80800 21102
80900 21090
81000 21150
81100 21207
81200 21189
81300 21217
81400 21431
81500 21203
81600 21239
81700 21576
81800 21295
81900 21255
82000 21323
82100 21414
82200 21453
82300 21573
82400 21963
82500 21717
82600 21780
82700 21875
82800 21906
82900 21933
83000 21990
83100 22136
83200 22178
83300 22243
83400 22329
83500 22381
83600 22438
83700 22522
83800 22560
83900 22863
84000 22857
84100 22777
84200 22899
84300 23147
84400 23040
84500 23356
84600 23275
84700 23258
84800 23304
84900 23404
85000 23513
85100 23744
85200 23634
85300 23819
85400 24022
85500 23836
85600 23918
85700 23982
85800 24009
85900 24083
86000 24061
86100 24451
86200 24621
86300 24671
86400 24729
86500 24569
86600 24562
86700 24711
86800 25342
86900 25028
87000 24841
87100 24907
87200 24946
87300 25061
87400 25056
87500 25261
87600 25190
87700 25279
87800 25426
87900 25497
88000 25544
88100 25590
88200 25667
88300 25731
88400 26091
88500 26138
88600 25911
88700 25948
88800 26096
88900 26174
89000 26126
89100 26338
89200 26438
89300 26987
89400 26528
89500 26629
89600 26607
89700 26599
89800 26974
89900 26635
90000 26681
90100 26913
90200 26723
90300 26811
90400 26769
90500 27686
90600 26867
90700 26815
90800 27045
90900 26948
91000 27077
91100 27063
91200 26963
91300 27032
91400 27296
91500 27110
91600 27053
91700 27176
91800 27311
91900 27176
92000 27732
92100 27416
92200 27227
92300 27255
92400 27381
92500 27278
92600 27310
92700 27267
92800 27602
92900 27556
93000 27494
93100 27450
93200 27391
93300 27320
93400 27447
93500 27519
93600 27546
93700 27481
93800 27634
93900 27620
94000 27687
94100 28162
94200 27614
94300 27836
94400 27711
94500 27713
94600 28229
94700 27653
94800 27923
94900 27786
95000 27776
95100 27831
95200 27838
95300 27921
95400 27923
95500 27826
95600 27939
95700 28072
95800 28020
95900 28662
96000 28119
96100 28053
96200 28049
96300 27988
96400 28055
96500 28175
96600 28242
96700 41800
96800 28493
96900 28317
97000 28320
97100 28107
97200 28164
97300 28165
97400 28331
97500 28202
97600 28352
97700 28359
97800 28717
97900 28183
98000 28398
98100 28343
98200 28278
98300 28367
98400 28347
98500 28821
98600 28522
98700 28519
98800 28616
98900 28661
99000 28598
99100 28551
99200 28661
99300 28660
99400 28638
99500 28712
99600 28715
99700 28775
99800 29507
99900 29053
100000 29128
