500 128
600 162
700 195
800 285
900 246
1000 250
1100 392
1200 306
1300 324
1400 483
1500 542
1600 641
1700 1641
1800 855
1900 681
2000 514
2100 559
2200 588
2300 606
2400 630
2500 641
2600 740
2700 740
2800 864
2900 872
3000 971
3100 1155
3200 992
3300 1007
3400 1010
3500 1023
3600 1065
3700 1057
3800 1061
3900 1079
4000 1077
4100 1097
4200 1161
4300 1194
4400 1236
4500 1252
4600 1268
4700 1315
4800 1315
4900 1312
5000 1346
5100 1349
5200 1402
5300 1489
5400 1532
5500 1588
5600 1650
5700 1701
5800 1773
5900 1822
6000 1891
6100 1961
6200 1994
6300 2013
6400 2031
6500 2025
6600 2078
6700 2052
6800 2056
6900 2108
7000 2107
7100 2148
7200 2101
7300 2147
7400 2145
7500 2169
7600 2189
7700 2171
7800 2188
7900 2217
8000 2231
8100 2247
8200 2263
8300 2338
8400 2387
8500 2435
8600 2486
8700 2528
8800 2551
8900 2688
9000 2598
9100 2596
9200 2644
9300 2733
9400 2691
9500 2712
9600 2761
9700 2730
9800 2736
9900 2782
10000 2768
10100 2805
10200 2806
10300 2916
10400 2922
10500 2989
10600 3050
10700 3129
10800 3176
10900 3194
11000 3374
11100 3394
11200 3601
11300 3413
11400 3745
11500 3595
11600 3654
11700 3720
11800 3795
11900 3951
12000 3891
12100 3959
12200 4023
12300 4216
12400 4111
12500 4183
12600 4424
12700 4162
12800 4146
12900 4181
13000 4185
13100 4245
13200 4242
13300 4234
13400 4474
13500 4508
13600 4270
13700 4271
13800 4328
13900 4339
14000 4480
14100 4329
14200 4349
14300 4361
14400 4386
14500 4424
14600 4439
14700 4495
14800 4444
14900 4471
15000 4493
15100 4492
15200 4530
15300 4563
15400 4676
15500 4587
15600 4565
15700 4640
15800 4589
15900 4625
16000 4592
16100 4795
16200 4654
16300 4651
16400 4739
16500 4803
16600 4833
16700 4983
16800 4975
16900 5057
17000 5070
17100 5080
17200 5130
17300 5215
17400 5228
17500 5336
17600 5349
17700 5307
17800 5322
17900 5385
18000 5353
18100 5427
18200 5411
18300 5426
18400 5474
18500 5565
18600 5561
18700 5532
18800 5819
18900 5596
19000 5960
19100 5657
19200 5663
19300 5695
19400 5696
19500 5730
19600 5685
19700 5741
19800 5739
19900 5999
20000 5765
20100 5787
20200 5791
20300 5811
20400 5873
20500 6043
20600 6278
20700 6211
20800 6258
20900 6234
21000 6198
21100 6386
21200 6350
21300 6368
21400 6764
21500 6523
21600 8800
21700 7033
21800 6713
21900 6771
22000 6876
22100 6955
22200 6947
22300 7195
22400 7106
22500 7155
22600 7203
22700 7246
22800 7321
22900 7425
23000 7407
23100 7608
23200 7573
23300 7694
23400 7745
23500 7705
23600 7869
23700 7842
23800 8168
23900 8300
24000 8075
24100 8518
24200 8227
24300 8303
24400 8341
24500 8336
24600 8432
24700 8390
24800 8448
24900 8477
25000 8507
25100 8574
25200 8612
25300 8579
25400 8706
25500 8605
25600 8857
25700 8696
25800 8685
25900 8653
26000 8664
26100 8906
26200 8768
26300 8709
26400 8771
26500 8820
26600 8839
26700 8764
26800 8737
26900 8761
27000 8773
27100 8813
27200 9063
27300 8855
27400 9091
27500 8863
27600 8908
27700 9336
27800 8913
27900 8961
28000 8943
28100 9114
28200 9081
28300 8988
28400 9046
28500 9053
28600 9068
28700 9034
28800 9199
28900 9102
29000 9168
29100 9294
29200 9217
29300 9194
29400 9250
29500 9247
29600 9247
29700 9263
29800 9376
29900 9296
30000 9294
30100 9412
30200 9344
30300 9548
30400 9402
30500 9417
30600 9660
30700 9424
30800 9462
30900 9407
31000 9434
31100 9466
31200 9463
31300 9491
31400 9531
31500 9552
31600 9576
31700 9596
31800 9733
31900 9671
32000 9635
32100 9787
32200 9671
32300 9963
32400 9725
32500 9855
32600 9742
32700 9869
32800 9887
32900 9850
33000 10426
33100 9962
33200 10255
33300 10142
33400 10188
33500 10235
33600 10284
33700 10412
33800 10368
33900 10460
34000 10540
34100 10505
34200 10538
34300 10700
34400 10642
34500 10667
34600 10905
34700 10981
34800 10770
34900 10872
35000 10998
35100 11016
35200 10902
35300 11030
35400 10988
35500 11071
35600 11523
35700 11042
35800 11103
35900 11032
36000 11135
36100 11519
36200 11207
36300 11181
36400 11227
36500 11220
36600 11467
36700 11304
36800 11352
36900 11519
37000 11405
37100 11424
37200 11441
37300 11482
37400 11484
37500 11695
37600 11594
37700 11622
37800 11574
37900 11837
38000 11936
38100 11688
38200 11919
38300 11668
38400 11709
38500 11748
38600 11760
38700 11746
38800 11756
38900 12320
39000 11845
39100 11734
39200 12070
39300 11780
39400 11812
39500 11924
39600 11889
39700 11850
39800 11956
39900 11886
40000 11919
40100 11920
40200 11971
40300 11999
40400 11999
40500 12000
40600 12020
40700 12084
40800 12518
40900 12070
41000 12136
41100 12180
41200 12308
41300 12280
41400 12419
41500 12502
41600 12589
41700 12609
41800 13084
41900 12811
42000 12936
42100 12854
42200 12947
42300 12996
42400 13161
42500 13152
42600 13221
42700 13329
42800 13720
42900 13566
43000 13527
43100 13569
43200 13592
43300 13670
43400 13761
43500 13930
43600 13987
43700 14008
43800 14028
43900 14228
44000 14120
44100 14207
44200 14300
44300 14361
44400 14537
44500 14467
44600 14940
44700 14550
44800 14644
44900 14685
45000 14992
45100 14935
45200 14794
45300 14864
45400 14953
45500 15207
45600 15052
45700 15212
45800 15295
45900 15236
46000 15340
46100 15451
46200 15645
46300 15619
46400 15680
46500 15651
46600 15752
46700 15892
46800 15852
46900 15926
47000 15966
47100 16056
47200 16120
47300 16218
47400 16343
47500 16280
47600 16375
47700 16426
47800 16586
47900 16613
48000 16570
48100 16643
48200 16822
48300 16789
48400 16925
48500 17025
48600 16962
48700 17072
48800 17118
48900 17108
49000 17197
49100 17254
49200 17254
49300 17301
49400 17417
49500 17378
49600 17449
49700 17682
49800 17532
49900 17787
50000 18231
50100 17551
50200 17589
50300 17661
50400 17654
50500 17619
50600 17846
50700 17690
50800 17945
50900 17724
51000 17749
51100 17796
51200 17756
51300 17765
51400 17748
51500 18298
51600 17734
51700 17817
51800 17828
51900 17856
52000 17954
52100 17944
52200 17881
52300 17956
52400 17892
52500 18049
52600 18029
52700 18017
52800 18115
52900 17997
53000 17970
53100 17989
53200 17915
53300 17956
53400 17977
53500 18074
53600 18087
53700 18169
53800 18081
53900 18185
54000 18242
54100 18227
54200 18220
54300 18201
54400 18267
54500 18288
54600 18426
54700 18301
54800 18564
54900 18373
55000 18560
55100 18418
55200 18465
55300 18360
55400 18415
55500 18436
55600 18417
55700 18445
55800 18440
55900 18524
56000 18500
56100 18465
56200 18658
56300 18539
56400 18541
56500 18682
56600 18569
56700 18572
56800 18585
56900 18614
57000 18675
57100 18660
57200 18884
57300 18618
57400 18641
57500 18721
57600 18769
57700 18811
57800 18846
57900 18871
58000 18925
58100 18919
58200 18901
58300 18969
58400 18902
58500 19006
58600 18969
58700 18997
58800 19289
58900 19145
59000 19014
59100 19043
59200 19055
59300 19124
59400 19081
59500 19075
59600 19121
59700 20237
59800 19189
59900 19188
60000 19334
60100 19142
60200 19269
60300 19294
60400 19286
60500 19275
60600 19740
60700 19338
60800 19368
60900 19377
61000 19371
61100 19354
61200 19511
61300 19372
61400 19419
61500 19541
61600 19366
61700 19550
61800 19766
61900 19432
62000 19471
62100 19725
62200 19527
62300 19553
62400 19525
62500 19550
62600 19786
62700 19728
62800 19650
62900 19732
63000 19594
63100 19725
63200 19842
63300 19743
63400 19830
63500 20051
63600 19868
63700 19904
63800 19813
63900 19840
64000 19871
64100 19855
64200 19935
64300 20024
64400 19961
64500 19921
64600 19940
64700 19968
64800 19951
64900 20011
65000 19944
65100 19984
65200 20198
65300 20014
65400 20382
65500 20027
65600 20113
65700 20173
65800 20365
65900 20368
66000 20696
66100 20545
66200 20546
66300 20909
66400 20741
66500 20923
66600 20840
66700 20919
66800 21086
66900 21064
67000 21135
67100 21195
67200 21136
67300 21306
67400 21282
67500 21397
67600 21803
67700 21636
67800 21749
67900 21627
68000 21610
68100 21640
68200 21686
68300 21680
68400 22211
68500 21803
68600 21825
68700 21863
68800 21903
68900 22211
69000 22305
69100 22138
69200 22155
69300 22126
69400 22294
69500 22195
69600 22228
69700 22356
69800 22316
69900 22509
70000 22414
70100 22452
70200 22418
70300 22517
70400 22528
70500 22775
70600 22683
70700 22608
70800 22646
70900 22661
71000 22950
71100 22741
71200 22813
71300 22774
71400 22777
71500 22854
71600 22928
71700 22783
71800 22934
71900 23341
72000 22926
72100 23166
72200 23086
72300 22999
72400 23056
72500 23055
72600 23042
72700 23049
72800 23095
72900 23143
73000 23380
73100 23460
73200 23300
73300 23540
73400 23333
73500 23349
73600 23385
73700 23627
73800 23491
73900 23562
74000 24656
74100 23468
74200 23586
74300 23651
74400 23643
74500 23653
74600 23701
74700 23723
74800 23836
74900 23821
75000 23815
75100 24172
75200 23928
75300 23950
75400 23889
75500 24112
75600 24038
75700 24002
75800 23986
75900 23950
76000 24067
76100 24206
76200 24088
76300 24286
76400 24686
76500 24145
76600 24045
76700 24148
76800 24168
76900 24198
77000 24833
77100 24171
77200 24333
77300 24375
77400 24292
77500 24499
77600 24413
77700 24372
77800 24271
77900 24207
78000 24744
78100 24125
78200 24218
78300 24281
78400 24362
78500 24367
78600 24356
78700 24425
78800 24716
78900 24420
79000 24462
79100 24443
79200 24844
79300 24529
79400 24498
79500 24540
79600 24958
79700 24623
79800 24574
79900 24575
80000 25025
80100 24692
80200 24723
80300 24808
80400 24928
80500 24774
80600 24780
80700 24702
80800 24856
80900 24816
81000 24920
81100 24929
81200 24874
81300 24952
81400 25115
81500 24958
81600 24896
81700 25002
81800 25049
81900 25033
82000 25081
82100 25114
82200 25227
82300 25289
82400 25447
82500 25354
82600 25520
82700 25595
82800 25729
82900 25729
83000 25975
83100 25898
83200 25982
83300 26900
83400 26305
83500 26105
83600 26205
83700 26373
83800 26308
83900 26430
84000 26720
84100 26567
84200 26984
84300 26853
84400 26831
84500 27064
84600 27018
84700 26979
84800 27084
84900 27115
85000 27260
85100 27843
85200 27514
85300 27598
85400 27511
85500 27546
85600 27594
85700 27693
85800 27727
85900 27715
86000 27766
86100 28239
86200 28019
86300 28109
86400 28098
86500 28230
86600 28227
86700 28345
86800 28352
86900 28863
87000 28793
87100 28625
87200 28788
87300 28887
87400 28918
87500 29043
87600 28892
87700 29017
87800 29105
87900 29072
88000 29215
88100 29272
88200 29384
88300 29362
88400 29550
88500 29769
88600 29534
88700 29561
88800 29701
88900 29953
89000 29966
89100 30002
89200 29988
89300 30376
89400 30099
89500 30193
89600 30171
89700 30247
89800 30256
89900 30499
90000 30347
90100 30371
90200 30420
90300 30736
90400 30652
90500 30624
90600 30774
90700 30717
90800 30822
90900 31012
91000 31343
91100 31073
91200 31128
91300 31136
91400 31297
91500 31375
91600 31378
91700 41331
91800 31531
91900 31641
92000 31728
92100 31913
92200 31864
92300 32146
92400 31941
92500 31997
92600 32125
92700 32367
92800 32173
92900 32492
93000 32240
93100 32509
93200 32520
93300 32624
93400 32675
93500 32589
93600 32760
93700 33440
93800 32776
93900 32905
94000 33277
94100 33086
94200 33126
94300 33098
94400 33250
94500 33453
94600 33771
94700 33498
94800 33607
94900 33541
95000 33664
95100 33655
95200 33935
95300 33849
95400 34013
95500 33844
95600 34413
95700 34122
95800 34392
95900 34257
96000 34626
96100 34306
96200 34426
96300 34377
96400 34549
96500 34666
96600 34562
96700 37163
96800 35125
96900 34919
97000 34858
97100 34877
97200 34931
97300 35348
97400 35262
97500 35220
97600 35289
97700 35210
97800 35338
97900 35326
98000 35498
98100 35721
98200 35962
98300 35539
98400 35585
98500 35659
98600 35791
98700 35706
98800 35806
98900 35855
99000 35962
99100 35854
99200 35916
99300 36107
99400 36210
99500 35999
99600 36042
99700 36047
99800 36099
99900 36088
100000 36194
