500 78
600 81
700 110
800 123
900 128
1000 136
1100 160
1200 163
1300 187
1400 235
1500 246
1600 266
1700 561
1800 451
1900 286
2000 305
2100 344
2200 342
2300 348
2400 374
2500 377
2600 428
2700 519
2800 526
2900 710
3000 563
3100 607
3200 589
3300 573
3400 586
3500 587
3600 615
3700 614
3800 631
3900 642
4000 647
4100 662
4200 706
4300 716
4400 723
4500 715
4600 733
4700 749
4800 734
4900 793
5000 787
5100 773
5200 1024
5300 969
5400 1060
5500 1053
5600 1079
5700 1098
5800 1112
5900 1104
6000 1120
6100 1124
6200 1147
6300 1597
6400 1194
6500 1149
6600 1154
6700 1200
6800 1207
6900 1200
7000 1235
7100 1220
7200 1257
7300 1250
7400 1258
7500 1283
7600 1284
7700 1291
7800 1314
7900 1304
8000 1358
8100 1385
8200 1372
8300 1403
8400 1426
8500 1469
8600 1491
8700 1460
8800 1470
8900 1448
9000 1501
9100 1494
9200 1594
9300 1531
9400 1510
9500 1534
9600 1566
9700 1556
9800 1616
9900 1593
10000 1579
10100 1594
10200 1610
10300 1687
10400 1777
10500 1887
10600 1999
10700 2069
10800 2161
10900 2222
11000 2147
11100 2202
11200 2182
11300 2214
11400 2226
11500 2277
11600 2267
11700 2278
11800 2255
11900 2274
12000 2369
12100 2285
12200 2305
12300 2314
12400 2378
12500 2356
12600 3035
12700 2373
12800 2364
12900 2431
13000 2380
13100 2409
13200 2423
13300 2518
13400 2472
13500 2502
13600 2481
13700 2476
13800 2490
13900 2497
14000 2522
14100 2508
14200 2536
14300 2558
14400 2585
14500 2569
14600 2566
14700 2604
14800 2621
14900 2635
15000 2822
15100 2610
15200 2623
15300 2638
15400 2659
15500 2681
15600 2712
15700 2734
15800 2699
15900 2764
16000 2753
16100 2744
16200 2784
16300 2790
16400 2817
16500 2835
16600 2846
16700 2926
16800 2975
16900 2939
17000 2950
17100 2990
17200 3015
17300 2984
17400 3023
17500 3174
17600 3043
17700 3108
17800 3037
17900 3133
18000 3068
18100 3111
18200 3081
18300 3074
18400 3113
18500 3102
18600 3132
18700 3207
18800 3173
18900 3172
19000 3165
19100 3207
19200 3201
19300 3219
19400 3216
19500 3217
19600 3481
19700 3345
19800 3247
19900 3370
20000 3481
20100 3560
20200 3325
20300 3355
20400 3613
20500 3367
20600 3486
20700 3610
20800 3698
20900 3813
21000 4142
21100 4055
21200 4083
21300 4218
21400 4309
21500 4417
21600 4432
21700 4432
21800 4578
21900 4468
22000 4480
22100 4503
22200 4672
22300 4499
22400 4505
22500 4647
22600 4805
22700 4628
22800 4664
22900 4662
23000 4623
23100 4628
23200 4646
23300 4659
23400 4647
23500 4670
23600 4693
23700 4779
23800 4705
23900 4909
24000 4764
24100 4770
24200 4729
24300 4792
24400 4750
24500 4823
24600 4839
24700 4853
24800 4865
24900 4865
25000 4861
25100 4876
25200 4862
25300 4938
25400 4935
25500 4912
25600 4918
25700 4947
25800 4950
25900 4946
26000 4947
26100 4966
26200 4953
26300 4976
26400 5033
26500 4989
26600 5154
26700 5056
26800 5073
26900 5115
27000 5128
27100 5113
27200 5280
27300 5266
27400 5367
27500 5149
27600 5157
27700 5182
27800 5192
27900 5212
28000 5546
28100 5317
28200 5216
28300 5254
28400 5276
28500 5295
28600 5297
28700 5305
28800 5362
28900 5362
29000 5419
29100 5449
29200 5378
29300 5367
29400 5425
29500 5450
29600 5393
29700 5522
29800 5457
29900 5442
30000 5490
30100 5459
30200 5511
30300 5504
30400 5533
30500 5506
30600 5544
30700 5610
30800 5544
30900 5550
31000 5585
31100 5595
31200 5619
31300 5663
31400 5642
31500 5696
31600 5669
31700 5675
31800 5742
31900 5732
32000 5774
32100 5797
32200 5737
32300 5755
32400 5774
32500 5820
32600 5760
32700 5917
32800 5783
32900 5897
33000 5891
33100 6171
33200 5984
33300 6057
33400 6030
33500 6092
33600 6137
33700 6093
33800 6245
33900 6164
34000 6192
34100 6252
34200 6219
34300 6188
34400 6324
34500 6467
34600 6345
34700 6627
34800 6332
34900 6377
35000 6442
35100 6335
35200 6318
35300 6357
35400 6380
35500 6424
35600 6527
35700 6449
35800 6411
35900 6414
36000 6409
36100 6443
36200 6461
36300 6469
36400 6497
36500 6558
36600 6540
36700 6468
36800 6511
36900 6527
37000 6527
37100 6564
37200 6582
37300 6602
37400 6612
37500 6699
37600 6656
37700 6642
37800 6653
37900 6674
38000 6643
38100 6642
38200 6785
38300 6766
38400 6712
38500 6723
38600 6737
38700 6756
38800 6777
38900 6822
39000 6811
39100 6848
39200 6996
39300 6851
39400 6861
39500 6895
39600 6891
39700 6878
39800 6906
39900 6965
40000 6939
40100 6936
40200 6961
40300 6957
40400 6924
40500 7022
40600 7012
40700 6988
40800 7022
40900 7053
41000 7074
41100 7210
41200 7292
41300 7404
41400 7548
41500 7589
41600 7749
41700 7854
41800 7932
41900 8037
42000 8086
42100 8245
42200 8378
42300 8482
42400 8606
42500 8639
42600 8781
42700 8870
42800 9137
42900 9097
43000 9235
43100 9246
43200 9329
43300 9306
43400 9498
43500 9343
43600 9341
43700 9299
43800 9326
43900 9335
44000 9362
44100 9396
44200 9672
44300 9422
44400 9426
44500 9392
44600 9428
44700 9476
44800 9470
44900 9586
45000 9592
45100 9629
45200 9526
45300 9552
45400 9581
45500 9592
45600 9608
45700 9825
45800 9653
45900 9635
46000 9710
46100 9654
46200 9681
46300 9733
46400 9698
46500 9717
46600 9665
46700 9803
46800 9708
46900 9821
47000 9808
47100 9779
47200 9793
47300 9790
47400 9863
47500 9844
47600 9844
47700 10231
47800 9837
47900 9855
48000 9870
48100 9845
48200 9906
48300 9883
48400 9886
48500 9958
48600 9925
48700 9955
48800 9955
48900 9970
49000 10000
49100 10046
49200 10089
49300 10064
49400 10106
49500 10116
49600 10140
49700 10149
49800 10151
49900 10148
50000 10177
50100 10479
50200 10194
50300 10195
50400 10166
50500 10235
50600 10218
50700 10248
50800 10279
50900 10290
51000 10342
51100 10480
51200 10335
51300 10310
51400 10361
51500 10345
51600 10297
51700 10355
51800 10373
51900 10384
52000 10403
52100 10378
52200 10433
52300 10519
52400 10392
52500 10424
52600 10456
52700 10414
52800 10430
52900 10455
53000 10542
53100 10549
53200 10603
53300 10694
53400 10642
53500 10694
53600 10618
53700 10784
53800 10814
53900 10698
54000 10679
54100 10727
54200 10789
54300 10718
54400 10769
54500 10759
54600 10793
54700 11680
54800 10764
54900 10817
55000 10830
55100 10812
55200 10865
55300 10908
55400 10879
55500 10864
55600 10877
55700 10922
55800 10918
55900 10869
56000 10974
56100 11177
56200 10993
56300 10970
56400 11004
56500 11032
56600 11022
56700 11025
56800 11150
56900 11112
57000 11113
57100 11047
57200 11145
57300 11129
57400 11195
57500 11211
57600 11221
57700 11230
57800 11263
57900 11316
58000 11298
58100 11318
58200 11235
58300 11290
58400 11353
58500 11683
58600 11336
58700 11589
58800 11268
58900 11308
59000 11325
59100 11334
59200 11515
59300 11454
59400 11366
59500 11400
59600 11398
59700 11444
59800 11435
59900 11497
60000 11498
60100 11521
60200 11510
60300 11514
60400 11609
60500 11520
60600 11570
60700 11510
60800 11566
60900 11626
61000 11603
61100 11669
61200 11663
61300 11620
61400 11714
61500 11711
61600 11722
61700 11760
61800 11678
61900 11713
62000 12166
62100 11759
62200 11791
62300 11806
62400 11816
62500 11881
62600 11835
62700 12277
62800 11872
62900 11854
63000 13421
63100 11990
63200 11902
63300 11918
63400 11920
63500 12000
63600 12005
63700 12055
63800 12022
63900 12003
64000 12023
64100 12044
64200 12083
64300 12112
64400 12076
64500 12212
64600 12094
64700 12251
64800 12112
64900 12434
65000 12091
65100 12140
65200 12103
65300 12110
65400 12186
65500 12157
65600 12375
65700 12400
65800 12514
65900 12555
66000 12569
66100 12624
66200 12624
66300 12661
66400 12725
66500 12667
66600 12808
66700 12856
66800 12866
66900 12893
67000 12854
67100 12977
67200 12944
67300 13009
67400 13355
67500 12994
67600 13037
67700 13078
67800 13055
67900 13095
68000 13127
68100 13089
68200 13169
68300 13121
68400 13140
68500 13144
68600 13273
68700 13178
68800 13320
68900 13160
69000 13215
69100 13377
69200 13240
69300 13201
69400 13279
69500 13251
69600 13297
69700 13355
69800 13358
69900 13363
70000 13554
70100 13407
70200 13407
70300 13501
70400 13455
70500 13396
70600 13465
70700 13469
70800 13534
70900 13580
71000 14245
71100 13884
71200 13760
71300 13521
71400 13683
71500 13562
71600 17257
71700 13670
71800 13585
71900 13623
72000 13662
72100 13643
72200 13658
72300 13672
72400 13666
72500 13766
72600 13720
72700 13705
72800 13717
72900 13690
73000 13857
73100 13935
73200 14156
73300 14145
73400 14037
73500 13857
73600 13866
73700 13905
73800 13859
73900 13917
74000 13970
74100 13939
74200 13945
74300 14008
74400 14014
74500 14008
74600 14011
74700 14011
74800 14020
74900 14209
75000 14084
75100 14079
75200 14154
75300 14131
75400 14090
75500 14157
75600 14144
75700 14127
75800 14402
75900 14316
76000 14124
76100 14446
76200 14166
76300 14220
76400 14198
76500 14299
76600 14232
76700 14446
76800 15520
76900 14267
77000 14241
77100 14388
77200 14326
77300 14323
77400 14312
77500 14381
77600 14626
77700 14494
77800 14440
77900 14515
78000 14578
78100 14506
78200 14565
78300 14564
78400 14573
78500 15033
78600 14572
78700 14665
78800 14616
78900 14613
79000 14723
79100 14648
79200 14682
79300 14648
79400 14707
79500 14694
79600 14794
79700 14875
79800 14747
79900 14822
80000 14727
80100 14928
80200 14943
80300 14804
80400 14753
80500 14851
80600 14839
80700 14854
80800 14821
80900 14833
81000 14854
81100 14940
81200 15085
81300 15193
81400 14938
81500 15030
81600 14917
81700 14991
81800 15057
81900 15013
82000 15784
82100 15239
82200 15378
82300 15565
82400 15566
82500 15672
82600 15909
82700 15917
82800 15964
82900 16092
83000 16141
83100 16296
83200 16382
83300 16478
83400 16571
83500 16819
83600 16850
83700 16967
83800 17015
83900 17270
84000 17275
84100 17451
84200 17331
84300 18163
84400 17698
84500 17902
84600 18070
84700 17946
84800 17952
84900 18177
85000 18269
85100 18357
85200 18650
85300 18765
85400 18733
85500 18856
85600 18948
85700 18996
85800 19259
85900 19379
86000 19484
86100 19539
86200 19783
86300 19575
86400 19581
86500 19458
86600 19611
86700 20306
86800 19480
86900 19813
87000 19948
87100 20257
87200 19707
87300 19683
87400 19691
87500 19645
87600 19632
87700 19699
87800 19695
87900 19773
88000 19763
88100 19681
88200 19981
88300 19701
88400 19917
88500 19725
88600 19769
88700 19756
88800 19787
88900 19834
89000 19922
89100 19782
89200 19957
89300 19913
89400 19858
89500 19879
89600 20161
89700 19870
89800 20148
89900 19941
90000 20008
90100 20094
90200 20145
90300 20276
90400 20061
90500 20106
90600 20208
90700 21169
90800 20202
90900 20138
91000 20532
91100 20212
91200 20605
91300 20233
91400 20366
91500 20313
91600 20372
91700 20271
91800 20327
91900 20354
92000 20369
92100 20419
92200 20589
92300 20323
92400 20404
92500 20468
92600 20451
92700 20549
92800 20912
92900 20464
93000 20547
93100 20488
93200 20605
93300 20554
93400 20560
93500 20515
93600 20568
93700 20525
93800 20557
93900 20742
94000 20590
94100 20677
94200 20673
94300 20562
94400 20688
94500 20594
94600 20675
94700 21065
94800 20671
94900 20774
95000 20664
95100 21244
95200 20914
95300 20659
95400 21774
95500 20733
95600 20751
95700 20869
95800 20786
95900 20768
96000 20997
96100 20747
96200 20901
96300 20844
96400 20827
96500 21215
96600 21092
96700 21133
96800 20883
96900 20860
97000 20916
97100 20901
97200 21050
97300 21272
97400 21002
97500 20941
97600 21209
97700 21044
97800 21015
97900 21089
98000 21037
98100 21351
98200 21094
98300 21256
98400 21682
98500 21251
98600 21254
98700 21281
98800 21313
98900 21396
99000 21387
99100 21395
99200 21471
99300 21384
99400 21452
99500 21648
99600 21409
99700 21729
99800 21562
99900 21435
100000 21451
