500 86
600 112
700 135
800 226
900 165
1000 186
1100 214
1200 240
1300 318
1400 295
1500 321
1600 352
1700 483
1800 370
1900 395
2000 542
2100 457
2200 482
2300 509
2400 532
2500 564
2600 591
2700 624
2800 669
2900 733
3000 723
3100 809
3200 802
3300 759
3400 779
3500 804
3600 829
3700 863
3800 899
3900 904
4000 944
4100 977
4200 1010
4300 1038
4400 1081
4500 1096
4600 1153
4700 1148
4800 1438
4900 1202
5000 1230
5100 1262
5200 1313
5300 1353
5400 1349
5500 1545
5600 1415
5700 1470
5800 1477
5900 1510
6000 1540
6100 1671
6200 1680
6300 1654
6400 1666
6500 1617
6600 1631
6700 1636
6800 1680
6900 1701
7000 1734
7100 1763
7200 1773
7300 1800
7400 1821
7500 1851
7600 1897
7700 1914
7800 1952
7900 1975
8000 2002
8100 2052
8200 2062
8300 2238
8400 2169
8500 2192
8600 2220
8700 2243
8800 2370
8900 2321
9000 2341
9100 2356
9200 2400
9300 2500
9400 2460
9500 2499
9600 2922
9700 2668
9800 2593
9900 2659
10000 2647
10100 2696
10200 2724
10300 2732
10400 2803
10500 2876
10600 2833
10700 2874
10800 2912
10900 2917
11000 3165
11100 3057
11200 3312
11300 3060
11400 3109
11500 3146
11600 3187
11700 3181
11800 3237
11900 3638
12000 3585
12100 3370
12200 3367
12300 3418
12400 3414
12500 3489
12600 3505
12700 3568
12800 3593
12900 3528
13000 3512
13100 3486
13200 3515
13300 3537
13400 3634
13500 3789
13600 3608
13700 3625
13800 3668
13900 3706
14000 3705
14100 3749
14200 3774
14300 3795
14400 3856
14500 3856
14600 3875
14700 3969
14800 4317
14900 3974
15000 3986
15100 4009
15200 4089
15300 4091
15400 4104
15500 4366
15600 4169
15700 4182
15800 4242
15900 4257
16000 4304
16100 4309
16200 4354
16300 4381
16400 4469
16500 4534
16600 4572
16700 4607
16800 4817
16900 4655
17000 4672
17100 4692
17200 4742
17300 4802
17400 4807
17500 4905
17600 4870
17700 5178
17800 4979
17900 4945
18000 4959
18100 5144
18200 5054
18300 5104
18400 5170
18500 5293
18600 5417
18700 5214
18800 5376
18900 5267
19000 5300
19100 5326
19200 5376
19300 5433
19400 5463
19500 5459
19600 5570
19700 5792
19800 5623
19900 5885
20000 5628
20100 5685
20200 5708
20300 5745
20400 5756
20500 5802
20600 5845
20700 5847
20800 6219
20900 6211
21000 7135
21100 6001
21200 6042
21300 6052
21400 6101
21500 6149
21600 6634
21700 6445
21800 6253
21900 6306
22000 6307
22100 6535
22200 6657
22300 6434
22400 6454
22500 6512
22600 6543
22700 6574
22800 6570
22900 6610
23000 6661
23100 6731
23200 6828
23300 6831
23400 6800
23500 6828
23600 6860
23700 6933
23800 7000
23900 6952
24000 7017
24100 7089
24200 7096
24300 7257
24400 7375
24500 7223
24600 7340
24700 7538
24800 7319
24900 7305
25000 7384
25100 7385
25200 7729
25300 7482
25400 7706
25500 7543
25600 7628
25700 7572
25800 7486
25900 7473
26000 7591
26100 7346
26200 7362
26300 7449
26400 7410
26500 7462
26600 7498
26700 7510
26800 7547
26900 7591
27000 7602
27100 7654
27200 7778
27300 7664
27400 8438
27500 7802
27600 7770
27700 8039
27800 7799
27900 7850
28000 8318
28100 7916
28200 8008
28300 7988
28400 8035
28500 8024
28600 8064
28700 8097
28800 8188
28900 8142
29000 8190
29100 8239
29200 8257
29300 8286
29400 8280
29500 8724
29600 8322
29700 8603
29800 8431
29900 8462
30000 8744
30100 8582
30200 8555
30300 8596
30400 8656
30500 8822
30600 8677
30700 8704
30800 8795
30900 8761
31000 8781
31100 8975
31200 8845
31300 8866
31400 9024
31500 8976
31600 9190
31700 9164
31800 9437
31900 9106
32000 9252
32100 9115
32200 9167
32300 9410
32400 9236
32500 9297
32600 9315
32700 9414
32800 9407
32900 9454
33000 9522
33100 9575
33200 9599
33300 9687
33400 9653
33500 9755
33600 10210
33700 9793
33800 9840
33900 9890
34000 9897
34100 10311
34200 9981
34300 9995
34400 10033
34500 10071
34600 10128
34700 10319
34800 10154
34900 10321
35000 10242
35100 10277
35200 10298
35300 10422
35400 10401
35500 10420
35600 10519
35700 10505
35800 10734
35900 10569
36000 10567
36100 10918
36200 10646
36300 10700
36400 10750
36500 10730
36600 10823
36700 10803
36800 10944
36900 11121
37000 11087
37100 10931
37200 10987
37300 11028
37400 11170
37500 11182
37600 11097
37700 11170
37800 11340
37900 11310
38000 11236
38100 11376
38200 11625
38300 11492
38400 11429
38500 11412
38600 11457
38700 11486
38800 11515
38900 11579
39000 11622
39100 11640
39200 11681
39300 11723
39400 11705
39500 11741
39600 11882
39700 11840
39800 11837
39900 11874
40000 11935
40100 12082
40200 11949
40300 12052
40400 12046
40500 12196
40600 12127
40700 12182
40800 12445
40900 12229
41000 12363
41100 12297
41200 12344
41300 12350
41400 12388
41500 12445
41600 12519
41700 12532
41800 12607
41900 12589
42000 13119
42100 12641
42200 12684
42300 13038
42400 13024
42500 12783
42600 12881
42700 12893
42800 12887
42900 13032
43000 12987
43100 13084
43200 13065
43300 13127
43400 13129
43500 13149
43600 13176
43700 13336
43800 13311
43900 13291
44000 13367
44100 13367
44200 13430
44300 13584
44400 13481
44500 13523
44600 13570
44700 13593
44800 13667
44900 13658
45000 13660
45100 13736
45200 13791
45300 13857
45400 13837
45500 13927
45600 13962
45700 13969
45800 13998
45900 14012
46000 14128
46100 14102
46200 14175
46300 14082
46400 14212
46500 14283
46600 14536
46700 14969
46800 14317
46900 14381
47000 14461
47100 14445
47200 14920
47300 14532
47400 14604
47500 14629
47600 14674
47700 14685
47800 14688
47900 14821
48000 14801
48100 14861
48200 14899
48300 15057
48400 14871
48500 15033
48600 15068
48700 15068
48800 15429
48900 15135
49000 15191
49100 15066
49200 15314
49300 15541
49400 15334
49500 15496
49600 15393
49700 15460
49800 15483
49900 15538
50000 15587
50100 15618
50200 15594
50300 15880
50400 15872
50500 15627
50600 15793
50700 15827
50800 15873
50900 15896
51000 15880
51100 16020
51200 16019
51300 15891
51400 15951
51500 15848
51600 15725
51700 15689
51800 15728
51900 15724
52000 15810
52100 15647
52200 15556
52300 15482
52400 15615
52500 15688
52600 15581
52700 15709
52800 15725
52900 15699
53000 15755
53100 15696
53200 15836
53300 15852
53400 15834
53500 16115
53600 16021
53700 16070
53800 15953
53900 16027
54000 16017
54100 16138
54200 16073
54300 16196
54400 16170
54500 16233
54600 16266
54700 16278
54800 16564
54900 16415
55000 16388
55100 16394
55200 16373
55300 16407
55400 16437
55500 16544
55600 16570
55700 16584
55800 16535
55900 16729
56000 17031
56100 16754
56200 16756
56300 16745
56400 16699
56500 16744
56600 16851
56700 16927
56800 16909
56900 16974
57000 17098
57100 16965
57200 17142
57300 17002
57400 16998
57500 17248
57600 17185
57700 17496
57800 17321
57900 17352
58000 17356
58100 17394
58200 17399
58300 17694
58400 17403
58500 21960
58600 17524
58700 17535
58800 17499
58900 17624
59000 17566
59100 17768
59200 17804
59300 17638
59400 17677
59500 17690
59600 17790
59700 17852
59800 17951
59900 17820
60000 17915
60100 18099
60200 18324
60300 18102
60400 18151
60500 18039
60600 18079
60700 18240
60800 18172
60900 18211
61000 18298
61100 18302
61200 18373
61300 18209
61400 18431
61500 18394
61600 18449
61700 18419
61800 18558
61900 18478
62000 18622
62100 18476
62200 18867
62300 18575
62400 18661
62500 18750
62600 18809
62700 18755
62800 18917
62900 18949
63000 19088
63100 19130
63200 19089
63300 19051
63400 19070
63500 19060
63600 19149
63700 19034
63800 19174
63900 19231
64000 19291
64100 19260
64200 19318
64300 19558
64400 19298
64500 19416
64600 19300
64700 19403
64800 19405
64900 19439
65000 19535
65100 19495
65200 19504
65300 19515
65400 19562
65500 19899
65600 19933
65700 20069
65800 20055
65900 20104
66000 20138
66100 20431
66200 20262
66300 20366
66400 20344
66500 20446
66600 20430
66700 20763
66800 20456
66900 20500
67000 20598
67100 20770
67200 20680
67300 20730
67400 20942
67500 20707
67600 20765
67700 21081
67800 20856
67900 20876
68000 20955
68100 21015
68200 21159
68300 20959
68400 21076
68500 21479
68600 21333
68700 21270
68800 21197
68900 21355
69000 21281
69100 21263
69200 21614
69300 21342
69400 21533
69500 21357
69600 21580
69700 21634
69800 21801
69900 21622
70000 21695
70100 21985
70200 21716
70300 22186
70400 21770
70500 22062
70600 22114
70700 22263
70800 21914
70900 22034
71000 21960
71100 22192
71200 22098
71300 22202
71400 22197
71500 22140
71600 22158
71700 22214
71800 22240
71900 22242
72000 22298
72100 22380
72200 22361
72300 22377
72400 22521
72500 22528
72600 22469
72700 22557
72800 22667
72900 22617
73000 22619
73100 22672
73200 22691
73300 23368
73400 22799
73500 22847
73600 23240
73700 22906
73800 22905
73900 22972
74000 23230
74100 23108
74200 23427
74300 23113
74400 23176
74500 23438
74600 23252
74700 23246
74800 23440
74900 23384
75000 23387
75100 23436
75200 23360
75300 23560
75400 23558
75500 23533
75600 23621
75700 23525
75800 23750
75900 23740
76000 23701
76100 23790
76200 23803
76300 23786
76400 23982
76500 23889
76600 23963
76700 23959
76800 23950
76900 24162
77000 24043
77100 24155
77200 24186
77300 24141
77400 24403
77500 24158
77600 24190
77700 24258
77800 24324
77900 24334
78000 24426
78100 24394
78200 24459
78300 24526
78400 24566
78500 24568
78600 24659
78700 24513
78800 24713
78900 24776
79000 24661
79100 24814
79200 24751
79300 24832
79400 25361
79500 24972
79600 24972
79700 25031
79800 24959
79900 25064
80000 25138
80100 25159
80200 25210
80300 25165
80400 25193
80500 25416
80600 25497
80700 25356
80800 25327
80900 25486
81000 25560
81100 25560
81200 25483
81300 25470
81400 25613
81500 25824
81600 25680
81700 25700
81800 25785
81900 25949
82000 25836
82100 25849
82200 25888
82300 25937
82400 26021
82500 26021
82600 26042
82700 26182
82800 26076
82900 26033
83000 26205
83100 26380
83200 26244
83300 26286
83400 26244
83500 26405
83600 26388
83700 26369
83800 26575
83900 26577
84000 26449
84100 26471
84200 26651
84300 27027
84400 26671
84500 26673
84600 26842
84700 26882
84800 26795
84900 26943
85000 26788
85100 26913
85200 27245
85300 27208
85400 27070
85500 27060
85600 27193
85700 27202
85800 27249
85900 27315
86000 27586
86100 27328
86200 27856
86300 27800
86400 27540
86500 27572
86600 27623
86700 27547
86800 27683
86900 27998
87000 27608
87100 27701
87200 27695
87300 27861
87400 27821
87500 27883
87600 27895
87700 28352
87800 28224
87900 27981
88000 27962
88100 28074
88200 28089
88300 28032
88400 28432
88500 28303
88600 28440
88700 28663
88800 28678
88900 28489
89000 28432
89100 28672
89200 28448
89300 28524
89400 28534
89500 28676
89600 28535
89700 28550
89800 28894
89900 28787
90000 28762
90100 28788
90200 28769
90300 28918
90400 28872
90500 28856
90600 28916
90700 29113
90800 29034
90900 29087
91000 29138
91100 29193
91200 29286
91300 29152
91400 29467
91500 29307
91600 29614
91700 29407
91800 29444
91900 29466
92000 29600
92100 29574
92200 29635
92300 29736
92400 29708
92500 29689
92600 29688
92700 29840
92800 29855
92900 30084
93000 29855
93100 29938
93200 29897
93300 30058
93400 29985
93500 30090
93600 30742
93700 30195
93800 30223
93900 30167
94000 30572
94100 31407
94200 30288
94300 30765
94400 30462
94500 30455
94600 30589
94700 30586
94800 30620
94900 30693
95000 30648
95100 30900
95200 30658
95300 30707
95400 30819
95500 30811
95600 30946
95700 31036
95800 30954
95900 31063
96000 31003
96100 31314
96200 31118
96300 31136
96400 31064
96500 31245
96600 31184
96700 31358
96800 31499
96900 31551
97000 32877
97100 31395
97200 32249
97300 31456
97400 31673
97500 31861
97600 31766
97700 31840
97800 31731
97900 31782
98000 31823
98100 31815
98200 31952
98300 32190
98400 31809
98500 31922
98600 32044
98700 32131
98800 32415
98900 32098
99000 32193
99100 32272
99200 32534
99300 32391
99400 32907
99500 32489
99600 32447
99700 32591
99800 32482
99900 32778
100000 32921
