500 92
600 116
700 137
800 150
900 162
1000 182
1100 212
1200 228
1300 250
1400 274
1500 310
1600 311
1700 774
1800 583
1900 381
2000 382
2100 419
2200 440
2300 456
2400 479
2500 509
2600 534
2700 563
2800 650
2900 625
3000 613
3100 692
3200 670
3300 673
3400 692
3500 713
3600 748
3700 755
3800 773
3900 790
4000 1088
4100 842
4200 891
4300 908
4400 931
4500 953
4600 973
4700 998
4800 1025
4900 1042
5000 1073
5100 1096
5200 1122
5300 1403
5400 1172
5500 1201
5600 1212
5700 1242
5800 1259
5900 1265
6000 1294
6100 1320
6200 1324
6300 1350
6400 1362
6500 1394
6600 1391
6700 1423
6800 1448
6900 1480
7000 1511
7100 1550
7200 1524
7300 1544
7400 1574
7500 1589
7600 1615
7700 1651
7800 1656
7900 1681
8000 1695
8100 1727
8200 1792
8300 1814
8400 1853
8500 1868
8600 1913
8700 1932
8800 1958
8900 1975
9000 1979
9100 2033
9200 2047
9300 2059
9400 2117
9500 2123
9600 2141
9700 2171
9800 3119
9900 2218
10000 2256
10100 2350
10200 2290
10300 2346
10400 2394
10500 2379
10600 2433
10700 2689
10800 2456
10900 2510
11000 2634
11100 2517
11200 2581
11300 3045
11400 4187
11500 2606
11600 2640
11700 2647
11800 3077
11900 2688
12000 2704
12100 2856
12200 2746
12300 2833
12400 2782
12500 2793
12600 3022
12700 2863
12800 2874
12900 2849
13000 2877
13100 2953
13200 2942
13300 2957
13400 3014
13500 3015
13600 3083
13700 3068
13800 3084
13900 3105
14000 3113
14100 3152
14200 3171
14300 3186
14400 3191
14500 3245
14600 3256
14700 3358
14800 3331
14900 3495
15000 3347
15100 3360
15200 3386
15300 3421
15400 3524
15500 3450
15600 3488
15700 3501
15800 3610
15900 3553
16000 3564
16100 3588
16200 3605
16300 3657
16400 3670
16500 3751
16600 3813
16700 3874
16800 3862
16900 3896
17000 3970
17100 3954
17200 3983
17300 3997
17400 4035
17500 4116
17600 4066
17700 4095
17800 4110
17900 4192
18000 4149
18100 4185
18200 4228
18300 4241
18400 4317
18500 4375
18600 4323
18700 4349
18800 4372
18900 4410
19000 4469
19100 4444
19200 4467
19300 4520
19400 4521
19500 4584
19600 4575
19700 4607
19800 4644
19900 4673
20000 4669
20100 4703
20200 4763
20300 4767
20400 4777
20500 4958
20600 4828
20700 5130
20800 5073
20900 5086
21000 5020
21100 5036
21200 5043
21300 5097
21400 5213
21500 5145
21600 5204
21700 5150
21800 5182
21900 5308
22000 5256
22100 5271
22200 5272
22300 5305
22400 5332
22500 5356
22600 5368
22700 5385
22800 5410
22900 5425
23000 5434
23100 5480
23200 5884
23300 5581
23400 5562
23500 5575
23600 5569
23700 5603
23800 5606
23900 5692
24000 5666
24100 5744
24200 5723
24300 5795
24400 5842
24500 5758
24600 5911
24700 5797
24800 5814
24900 5846
25000 5963
25100 5885
25200 5956
25300 5926
25400 5978
25500 5960
25600 6065
25700 6108
25800 6019
25900 6062
26000 6058
26100 6093
26200 6124
26300 6143
26400 6136
26500 6389
26600 6264
26700 6220
26800 6260
26900 6678
27000 6394
27100 6475
27200 6554
27300 6395
27400 6431
27500 6434
27600 6442
27700 6433
27800 6495
27900 6487
28000 6514
28100 6548
28200 6562
28300 6711
28400 6595
28500 6726
28600 6654
28700 7011
28800 6700
28900 6733
29000 6755
29100 6850
29200 6815
29300 6856
29400 6851
29500 6886
29600 6969
29700 6893
29800 6926
29900 6954
30000 6954
30100 7365
30200 7051
30300 7058
30400 7085
30500 7095
30600 7123
30700 7132
30800 7156
30900 7190
31000 7213
31100 7228
31200 7570
31300 7298
31400 7320
31500 7979
31600 7415
31700 7431
31800 7821
31900 7406
32000 7483
32100 7486
32200 7526
32300 7801
32400 7572
32500 7688
32600 7605
32700 7757
32800 7698
32900 7848
33000 7843
33100 7855
33200 8205
33300 8191
33400 8113
33500 8057
33600 8102
33700 8146
33800 8342
33900 8185
34000 8235
34100 8230
34200 8520
34300 8388
34400 8294
34500 8403
34600 8674
34700 8432
34800 8401
34900 8544
35000 8464
35100 8478
35200 8516
35300 8675
35400 8587
35500 8671
35600 8711
35700 8652
35800 8680
35900 8703
36000 8724
36100 8745
36200 8894
36300 8808
36400 8825
36500 8844
36600 8895
36700 8901
36800 8938
36900 9118
37000 8961
37100 8986
37200 9036
37300 9099
37400 9085
37500 9149
37600 9172
37700 9194
37800 9219
37900 9234
38000 9209
38100 9872
38200 9326
38300 9293
38400 9339
38500 9388
38600 9392
38700 9407
38800 9637
38900 9547
39000 9590
39100 9552
39200 9668
39300 9628
39400 9622
39500 9693
39600 9738
39700 9717
39800 9736
39900 9772
40000 9741
40100 9839
40200 9805
40300 10010
40400 9921
40500 9902
40600 9983
40700 10224
40800 10031
40900 10066
41000 10041
41100 10080
41200 10292
41300 10148
41400 10171
41500 10204
41600 10271
41700 10282
41800 10283
41900 10349
42000 10510
42100 10439
42200 10683
42300 10506
42400 10598
42500 10730
42600 10610
42700 10645
42800 10670
42900 10688
43000 10774
43100 10720
43200 11188
43300 10762
43400 10801
43500 10823
43600 10934
43700 10864
43800 10912
43900 11030
44000 10990
44100 10949
44200 10955
44300 11016
44400 11045
44500 11080
44600 11106
44700 11057
44800 11131
44900 11153
45000 11114
45100 11300
45200 11174
45300 11278
45400 11501
45500 11285
45600 11499
45700 11324
45800 11360
45900 11352
46000 11406
46100 11439
46200 11459
46300 11518
46400 11528
46500 11539
46600 11567
46700 11599
46800 11617
46900 11636
47000 11692
47100 11846
47200 11609
47300 11606
47400 11680
47500 11684
47600 11706
47700 11744
47800 11791
47900 11789
48000 11786
48100 11875
48200 11852
48300 11859
48400 11899
48500 11947
48600 12020
48700 12084
48800 12045
48900 11998
49000 12013
49100 11982
49200 12058
49300 12234
49400 12088
49500 12132
49600 12149
49700 12197
49800 12212
49900 12275
50000 12278
50100 12442
50200 12483
50300 12399
50400 12433
50500 12393
50600 12455
50700 12454
50800 12580
50900 12500
51000 12538
51100 12638
51200 12625
51300 12504
51400 12506
51500 16462
51600 12553
51700 12832
51800 12614
51900 12877
52000 12765
52100 12804
52200 12928
52300 12831
52400 12753
52500 12837
52600 12815
52700 12873
52800 12887
52900 12993
53000 12901
53100 12981
53200 12939
53300 12956
53400 13010
53500 13003
53600 13026
53700 13280
53800 13138
53900 13122
54000 13166
54100 13242
54200 13264
54300 13235
54400 13279
54500 13314
54600 13339
54700 13362
54800 13400
54900 13429
55000 13455
55100 13528
55200 13607
55300 13442
55400 13525
55500 13925
55600 13546
55700 13539
55800 13682
55900 13601
56000 13644
56100 14362
56200 13627
56300 13668
56400 13716
56500 13761
56600 13768
56700 13782
56800 13880
56900 13867
57000 13884
57100 13897
57200 13917
57300 13922
57400 13927
57500 14087
57600 14070
57700 14043
57800 14082
57900 14298
58000 14420
58100 14150
58200 14198
58300 14202
58400 14587
58500 14393
58600 14313
58700 14335
58800 14371
58900 14420
59000 14402
59100 14381
59200 14519
59300 14467
59400 14417
59500 14483
59600 14460
59700 14495
59800 14517
59900 15623
60000 14587
60100 14591
60200 14651
60300 14659
60400 14650
60500 14852
60600 14734
60700 14762
60800 14757
60900 14827
61000 14802
61100 15219
61200 14864
61300 14862
61400 15208
61500 14938
61600 14946
61700 14981
61800 15050
61900 15036
62000 15189
62100 15093
62200 15368
62300 15155
62400 15176
62500 15288
62600 15252
62700 15478
62800 15609
62900 15377
63000 15374
63100 15454
63200 15578
63300 15477
63400 15538
63500 15473
63600 15497
63700 15529
63800 15527
63900 15615
64000 15632
64100 15669
64200 15643
64300 15800
64400 15676
64500 15934
64600 15791
64700 16038
64800 15825
64900 15804
65000 15851
65100 15862
65200 15925
65300 15902
65400 15929
65500 15921
65600 16024
65700 16115
65800 16196
65900 16392
66000 16382
66100 16799
66200 17506
66300 16502
66400 16541
66500 16580
66600 16643
66700 16675
66800 16842
66900 16768
67000 17132
67100 16887
67200 16873
67300 16918
67400 17212
67500 16960
67600 17061
67700 17065
67800 17058
67900 17070
68000 17144
68100 17279
68200 17171
68300 17198
68400 17231
68500 17524
68600 17507
68700 17490
68800 17306
68900 17358
69000 17349
69100 17433
69200 17470
69300 17537
69400 17495
69500 17537
69600 17794
69700 17632
69800 17692
69900 17675
70000 17657
70100 17961
70200 17756
70300 17716
70400 17756
70500 17780
70600 17910
70700 17875
70800 17923
70900 17976
71000 17957
71100 18039
71200 18006
71300 18146
71400 18414
71500 18365
71600 18082
71700 18085
71800 18063
71900 18101
72000 18129
72100 18205
72200 18200
72300 18225
72400 18313
72500 18296
72600 18343
72700 18344
72800 18676
72900 18398
73000 18505
73100 18470
73200 18531
73300 18547
73400 18564
73500 18544
73600 18594
73700 18718
73800 18622
73900 18697
74000 18702
74100 18749
74200 18759
74300 18879
74400 18841
74500 18893
74600 19037
74700 18961
74800 18989
74900 19168
75000 19371
75100 19061
75200 19193
75300 19365
75400 19247
75500 19248
75600 19210
75700 19295
75800 19195
75900 19205
76000 19309
76100 19285
76200 19330
76300 19375
76400 20525
76500 19420
76600 19475
76700 19705
76800 19451
76900 19515
77000 19572
77100 19615
77200 19643
77300 19628
77400 20087
77500 19686
77600 19730
77700 19731
77800 19789
77900 20046
78000 19815
78100 19863
78200 19957
78300 19935
78400 19958
78500 20014
78600 20108
78700 20055
78800 20056
78900 20060
79000 20191
79100 20232
79200 20432
79300 20294
79400 20287
79500 20447
79600 20537
79700 20474
79800 20394
79900 20310
80000 20359
80100 20459
80200 20447
80300 20742
80400 20520
80500 20754
80600 20596
80700 20747
80800 20655
80900 20751
81000 20676
81100 20834
81200 20837
81300 20759
81400 20875
81500 20815
81600 20858
81700 20874
81800 20903
81900 21049
82000 20930
82100 21037
82200 21087
82300 21097
82400 21117
82500 21112
82600 21218
82700 21180
82800 21254
82900 21251
83000 21277
83100 21435
83200 21543
83300 21393
83400 21452
83500 21515
83600 21493
83700 21518
83800 21736
83900 21741
84000 21664
84100 21669
84200 21740
84300 21804
84400 21829
84500 21875
84600 22015
84700 21957
84800 21953
84900 21968
85000 22034
85100 22165
85200 22118
85300 22094
85400 22161
85500 22130
85600 22190
85700 22215
85800 22399
85900 22426
86000 22284
86100 22292
86200 22275
86300 22845
86400 22399
86500 22354
86600 22454
86700 22438
86800 22423
86900 22629
87000 22578
87100 22500
87200 22639
87300 22594
87400 22628
87500 22709
87600 22752
87700 22848
87800 22703
87900 22730
88000 22764
88100 22803
88200 22828
88300 23256
88400 23026
88500 22932
88600 23071
88700 23235
88800 22940
88900 22996
89000 23243
89100 22972
89200 23107
89300 23091
89400 23412
89500 23116
89600 23106
89700 23192
89800 23186
89900 23146
90000 23163
90100 23203
90200 23233
90300 23678
90400 23296
90500 23733
90600 23389
90700 23455
90800 23393
90900 23509
91000 23613
91100 23450
91200 23493
91300 23560
91400 23626
91500 23508
91600 23768
91700 23685
91800 23643
91900 23700
92000 23710
92100 23841
92200 23831
92300 24053
92400 23943
92500 23875
92600 23902
92700 23969
92800 24209
92900 23997
93000 24057
93100 24060
93200 24104
93300 24292
93400 24158
93500 24215
93600 24161
93700 24209
93800 24257
93900 24209
94000 24257
94100 24282
94200 24266
94300 24138
94400 24739
94500 24564
94600 24294
94700 24201
94800 24348
94900 24548
95000 24375
95100 24359
95200 24342
95300 24413
95400 24453
95500 24502
95600 24543
95700 24531
95800 24569
95900 24658
96000 24674
96100 24595
96200 24736
96300 24704
96400 24735
96500 24781
96600 24798
96700 41113
96800 25008
96900 24827
97000 24853
97100 24901
97200 24924
97300 25004
97400 24947
97500 25007
97600 24932
97700 24960
97800 25060
97900 25054
98000 25071
98100 25058
98200 25030
98300 25028
98400 25081
98500 25106
98600 25157
98700 25204
98800 25188
98900 25250
99000 25341
99100 25302
99200 25333
99300 25627
99400 25320
99500 25443
99600 25539
99700 25526
99800 25547
99900 25641
100000 25574
