500 92
600 114
700 162
800 168
900 179
1000 190
1100 213
1200 224
1300 241
1400 323
1500 338
1600 357
1700 602
1800 613
1900 385
2000 401
2100 436
2200 457
2300 462
2400 462
2500 492
2600 535
2700 630
2800 706
2900 727
3000 731
3100 785
3200 767
3300 778
3400 778
3500 785
3600 804
3700 799
3800 826
3900 1028
4000 843
4100 892
4200 897
4300 935
4400 960
4500 957
4600 949
4700 977
4800 961
4900 1014
5000 989
5100 1013
5200 1108
5300 1166
5400 1248
5500 1320
5600 1404
5700 1482
5800 1474
5900 1503
6000 1498
6100 1518
6200 1523
6300 2090
6400 1551
6500 1532
6600 1560
6700 1581
6800 1565
6900 1600
7000 1637
7100 1607
7200 1657
7300 1637
7400 1681
7500 1664
7600 1686
7700 1717
7800 1684
7900 1693
8000 1714
8100 1733
8200 1742
8300 1779
8400 1842
8500 1883
8600 1915
8700 1896
8800 1903
8900 1926
9000 1924
9100 1909
9200 1976
9300 1979
9400 1981
9500 1977
9600 2039
9700 1987
9800 2105
9900 2046
10000 2039
10100 2070
10200 2081
10300 2125
10400 2249
10500 2312
10600 2381
10700 2486
10800 2573
10900 2672
11000 2738
11100 3159
11200 2894
11300 3371
11400 2974
11500 2963
11600 3364
11700 2987
11800 2978
11900 3056
12000 3246
12100 3030
12200 3061
12300 3097
12400 3098
12500 3191
12600 3159
12700 3178
12800 3130
12900 3165
13000 3193
13100 3191
13200 3163
13300 3219
13400 3477
13500 3249
13600 3259
13700 3253
13800 3287
13900 3275
14000 3270
14100 3310
14200 3285
14300 3340
14400 3345
14500 3359
14600 3406
14700 3417
14800 3394
14900 3426
15000 3671
15100 3395
15200 3454
15300 3421
15400 3489
15500 3470
15600 3463
15700 3496
15800 3477
15900 3510
16000 3502
16100 3530
16200 3550
16300 3538
16400 3575
16500 3626
16600 3714
16700 3786
16800 3870
16900 3866
17000 3853
17100 3850
17200 3883
17300 3870
17400 3901
17500 4069
17600 3954
17700 4075
17800 3959
17900 3991
18000 4285
18100 3997
18200 4076
18300 3992
18400 4026
18500 4127
18600 4053
18700 4305
18800 4077
18900 4115
19000 4129
19100 4127
19200 4139
19300 4212
19400 4149
19500 4171
19600 4187
19700 4222
19800 4218
19900 4237
20000 4212
20100 4310
20200 4604
20300 4245
20400 4292
20500 4342
20600 4439
20700 4505
20800 4714
20900 4703
21000 4743
21100 4833
21200 4908
21300 5021
21400 5097
21500 5284
21600 5239
21700 5371
21800 5494
21900 5495
22000 5570
22100 5670
22200 5893
22300 5811
22400 5905
22500 6044
22600 6383
22700 6084
22800 6129
22900 6108
23000 6131
23100 6106
23200 6239
23300 6498
23400 6134
23500 6164
23600 6153
23700 6271
23800 6329
23900 6340
24000 6211
24100 6365
24200 6277
24300 6260
24400 6422
24500 6658
24600 6358
24700 6369
24800 6389
24900 6361
25000 6468
25100 6429
25200 6410
25300 6541
25400 6404
25500 6443
25600 6516
25700 6492
25800 6517
25900 6480
26000 6521
26100 6554
26200 6646
26300 6481
26400 6559
26500 6577
26600 6789
26700 6613
26800 6699
26900 6653
27000 6640
27100 6694
27200 6921
27300 6692
27400 7130
27500 6671
27600 6740
27700 6783
27800 6789
27900 6801
28000 6985
28100 7011
28200 6777
28300 6793
28400 6860
28500 6856
28600 6895
28700 6872
28800 6942
28900 7162
29000 7328
29100 7022
29200 6962
29300 7015
29400 6984
29500 6981
29600 7012
29700 7181
29800 7127
29900 7113
30000 7106
30100 7085
30200 7250
30300 7149
30400 7110
30500 7219
30600 7146
30700 7131
30800 7215
30900 7147
31000 7182
31100 7209
31200 7205
31300 7228
31400 7218
31500 7529
31600 7374
31700 7289
31800 7261
31900 7304
32000 7255
32100 7319
32200 7310
32300 7611
32400 7330
32500 7576
32600 7331
32700 7617
32800 7367
32900 7465
33000 7573
33100 7591
33200 7729
33300 7682
33400 7738
33500 7779
33600 7790
33700 7760
33800 7891
33900 7909
34000 7947
34100 7907
34200 7939
34300 7981
34400 7997
34500 8032
34600 8203
34700 8348
34800 8105
34900 8270
35000 8183
35100 8139
35200 8185
35300 8183
35400 8261
35500 8246
35600 8473
35700 8459
35800 8242
35900 8208
36000 8252
36100 8270
36200 8545
36300 8252
36400 8263
36500 8678
36600 8301
36700 8386
36800 8454
36900 8352
37000 8416
37100 8407
37200 8440
37300 8474
37400 8636
37500 8570
37600 8468
37700 8512
37800 8514
37900 8543
38000 8561
38100 8569
38200 8557
38300 8566
38400 8562
38500 8587
38600 8662
38700 8576
38800 8648
38900 8730
39000 8753
39100 8971
39200 8695
39300 8736
39400 8725
39500 8741
39600 8733
39700 8776
39800 8840
39900 8901
40000 8839
40100 8841
40200 8818
40300 8924
40400 8809
40500 8883
40600 8841
40700 8911
40800 8910
40900 8975
41000 8999
41100 9111
41200 9195
41300 9541
41400 9345
41500 9450
41600 9551
41700 9598
41800 9876
41900 9748
42000 9874
42100 9990
42200 10073
42300 10442
42400 10335
42500 10279
42600 10589
42700 10455
42800 10583
42900 10635
43000 10683
43100 10800
43200 10928
43300 10979
43400 11252
43500 11134
43600 11215
43700 11247
43800 11358
43900 11661
44000 11553
44100 11662
44200 11793
44300 11755
44400 11939
44500 11986
44600 12042
44700 12179
44800 12247
44900 12332
45000 12523
45100 12936
45200 12591
45300 12531
45400 12593
45500 12571
45600 12573
45700 12755
45800 12680
45900 12580
46000 12636
46100 12702
46200 12637
46300 13039
46400 12746
46500 12694
46600 12703
46700 12792
46800 12743
46900 12825
47000 12913
47100 12772
47200 12842
47300 12792
47400 12921
47500 12803
47600 12898
47700 12798
47800 12868
47900 12896
48000 13086
48100 12860
48200 12934
48300 12907
48400 12929
48500 13015
48600 12964
48700 13033
48800 12953
48900 13087
49000 13055
49100 13073
49200 13232
49300 13098
49400 13190
49500 13214
49600 13186
49700 13235
49800 13244
49900 13530
50000 13281
50100 13289
50200 13300
50300 13248
50400 13314
50500 13330
50600 13291
50700 13372
50800 13404
50900 13691
51000 13353
51100 13458
51200 13480
51300 13447
51400 13424
51500 13405
51600 13381
51700 13427
51800 13480
51900 13491
52000 13471
52100 13497
52200 13492
52300 13510
52400 13479
52500 13472
52600 13641
52700 13543
52800 13519
52900 13573
53000 13597
53100 13682
53200 13706
53300 13716
53400 13700
53500 13822
53600 13713
53700 13735
53800 13925
53900 13968
54000 13784
54100 13981
54200 13865
54300 13869
54400 13835
54500 13851
54600 14360
54700 13852
54800 13851
54900 13979
55000 13952
55100 13969
55200 13998
55300 13990
55400 13952
55500 13967
55600 14023
55700 14113
55800 14123
55900 14032
56000 14232
56100 14063
56200 14439
56300 14170
56400 14135
56500 14136
56600 14161
56700 14144
56800 14289
56900 14509
57000 14447
57100 14259
57200 14381
57300 14267
57400 14372
57500 14400
57600 14400
57700 14419
57800 14419
57900 14396
58000 14594
58100 14464
58200 14420
58300 14523
58400 14510
58500 16504
58600 14487
58700 14881
58800 14587
58900 14513
59000 14540
59100 14522
59200 14574
59300 14635
59400 14675
59500 14614
59600 14645
59700 14716
59800 14640
59900 14809
60000 14747
60100 14759
60200 14796
60300 14777
60400 14814
60500 14813
60600 14809
60700 14771
60800 15261
60900 14805
61000 15081
61100 14878
61200 14866
61300 14846
61400 15007
61500 14923
61600 14949
61700 14956
61800 15126
61900 15356
62000 15122
62100 14953
62200 14986
62300 15005
62400 14943
62500 15326
62600 14913
62700 15626
62800 14991
62900 15033
63000 15161
63100 15122
63200 15121
63300 15049
63400 15213
63500 15142
63600 15170
63700 15167
63800 15160
63900 15145
64000 15140
64100 15172
64200 15194
64300 15212
64400 15208
64500 15255
64600 15256
64700 15653
64800 15350
64900 15624
65000 15240
65100 15845
65200 15205
65300 15307
65400 15393
65500 15335
65600 15548
65700 15610
65800 15652
65900 15676
66000 15905
66100 16009
66200 15870
66300 15901
66400 16046
66500 16012
66600 16211
66700 16580
66800 16257
66900 16368
67000 16187
67100 16327
67200 16295
67300 16435
67400 16615
67500 16421
67600 16544
67700 16529
67800 16554
67900 16563
68000 16789
68100 16977
68200 16651
68300 16626
68400 16647
68500 16869
68600 16703
68700 17255
68800 16796
68900 16735
69000 16897
69100 16759
69200 16871
69300 16808
69400 16865
69500 16956
69600 16944
69700 17140
69800 17133
69900 17065
70000 17114
70100 17408
70200 17540
70300 17599
70400 17240
70500 17100
70600 17201
70700 17223
70800 17242
70900 17258
71000 17163
71100 17118
71200 17291
71300 17234
71400 17358
71500 17593
71600 19253
71700 17545
71800 17322
71900 17277
72000 17264
72100 17324
72200 17306
72300 17310
72400 17268
72500 17389
72600 17498
72700 17377
72800 17383
72900 17353
73000 17434
73100 17361
73200 17528
73300 17433
73400 17694
73500 17555
73600 17738
73700 17598
73800 17569
73900 17761
74000 17987
74100 17807
74200 17661
74300 17739
74400 17711
74500 17785
74600 17722
74700 17733
74800 17743
74900 17777
75000 17752
75100 17803
75200 17786
75300 17847
75400 17809
75500 17879
75600 17939
75700 18014
75800 17927
75900 17927
76000 17873
76100 18112
76200 17920
76300 18024
76400 17972
76500 17995
76600 18086
76700 18038
76800 17999
76900 18080
77000 18036
77100 18070
77200 18154
77300 18096
77400 18106
77500 18100
77600 18283
77700 18176
77800 18182
77900 18189
78000 19102
78100 18258
78200 18302
78300 18269
78400 18282
78500 18456
78600 18319
78700 18318
78800 18365
78900 18349
79000 18353
79100 18448
79200 18470
79300 18603
79400 18413
79500 18566
79600 18441
79700 18619
79800 18486
79900 18506
80000 18482
80100 18532
80200 18506
80300 18526
80400 18534
80500 18551
80600 18573
80700 18521
80800 18536
80900 18571
81000 18645
81100 18640
81200 18631
81300 18614
81400 18613
81500 18752
81600 18839
81700 18979
81800 19803
81900 18786
82000 18864
82100 19039
82200 19061
82300 19200
82400 19263
82500 19368
82600 19433
82700 19544
82800 19608
82900 19750
83000 19902
83100 19900
83200 19971
83300 20096
83400 20158
83500 20244
83600 20322
83700 20528
83800 20442
83900 20960
84000 20901
84100 21922
84200 20832
84300 20944
84400 20996
84500 21201
84600 21206
84700 21417
84800 21263
84900 21406
85000 21612
85100 21554
85200 21605
85300 21779
85400 21865
85500 22030
85600 22018
85700 22003
85800 22199
85900 22201
86000 22383
86100 22534
86200 22592
86300 22618
86400 22899
86500 22700
86600 22858
86700 23005
86800 22959
86900 23127
87000 23271
87100 23202
87200 23222
87300 23397
87400 23527
87500 23583
87600 23680
87700 23813
87800 24739
87900 23891
88000 24167
88100 24134
88200 24242
88300 24321
88400 24506
88500 24723
88600 24520
88700 24837
88800 24712
88900 24880
89000 24895
89100 25011
89200 25218
89300 25163
89400 25489
89500 25275
89600 25575
89700 25464
89800 25613
89900 25719
90000 25981
90100 26195
90200 26185
90300 26073
90400 26360
90500 26149
90600 26691
90700 26259
90800 26159
90900 26103
91000 26241
91100 26127
91200 26158
91300 26261
91400 26436
91500 26234
91600 26188
91700 26564
91800 26221
91900 26251
92000 26383
92100 26311
92200 26389
92300 26299
92400 26281
92500 26461
92600 26373
92700 26511
92800 26441
92900 26623
93000 26440
93100 26383
93200 26549
93300 26480
93400 27106
93500 26475
93600 26641
93700 26796
93800 26471
93900 26739
94000 26866
94100 26597
94200 26699
94300 26643
94400 26863
94500 26609
94600 26639
94700 27041
94800 26719
94900 26913
95000 26608
95100 26711
95200 26827
95300 26730
95400 26749
95500 26766
95600 26926
95700 26870
95800 26723
95900 26758
96000 26860
96100 26905
96200 27142
96300 26857
96400 26928
96500 26926
96600 26832
96700 27120
96800 27028
96900 26953
97000 27102
97100 27097
97200 27048
97300 27054
97400 27035
97500 27091
97600 27141
97700 27528
97800 27124
97900 27226
98000 27137
98100 27372
98200 27182
98300 27185
98400 27617
98500 27338
98600 27342
98700 27432
98800 27340
98900 27659
99000 27410
99100 27423
99200 27620
99300 27448
99400 27659
99500 27472
99600 27532
99700 27886
99800 27614
99900 27551
100000 27797
