500 160
600 196
700 233
800 280
900 297
1000 313
1100 356
1200 381
1300 415
1400 470
1500 546
1600 582
1700 602
1800 621
1900 645
2000 665
2100 735
2200 741
2300 772
2400 793
2500 815
2600 864
2700 929
2800 1013
2900 1113
3000 1173
3100 1491
3200 1267
3300 1332
3400 1281
3500 1292
3600 1326
3700 1361
3800 1367
3900 1394
4000 1384
4100 1439
4200 1635
4300 1532
4400 1573
4500 1612
4600 1634
4700 1663
4800 1679
4900 1687
5000 1708
5100 1766
5200 1806
5300 1869
5400 1939
5500 2019
5600 2080
5700 2151
5800 2224
5900 2287
6000 2359
6100 2441
6200 2492
6300 2534
6400 2549
6500 2566
6600 2583
6700 2589
6800 2619
6900 2819
7000 2839
7100 2721
7200 2728
7300 2774
7400 2762
7500 2793
7600 2832
7700 2841
7800 2889
7900 2900
8000 2905
8100 2958
8200 2958
8300 3017
8400 3305
8500 3136
8600 3230
8700 3229
8800 3271
8900 3403
9000 3399
9100 3360
9200 3531
9300 3452
9400 3474
9500 3482
9600 3516
9700 3511
9800 3789
9900 3763
10000 3613
10100 3860
10200 3674
10300 3709
10400 3777
10500 3961
10600 3920
10700 3974
10800 4084
10900 4156
11000 4222
11100 4307
11200 4350
11300 4420
11400 7041
11500 4556
11600 4636
11700 4740
11800 4773
11900 8420
12000 5249
12100 5034
12200 5095
12300 5157
12400 5234
12500 5252
12600 5247
12700 5316
12800 5269
12900 5345
13000 5378
13100 5376
13200 5818
13300 5420
13400 5498
13500 5593
13600 5496
13700 5502
13800 5581
13900 5570
14000 5599
14100 5639
14200 5649
14300 5677
14400 5773
14500 5694
14600 5791
14700 5897
14800 5848
14900 5874
15000 5894
15100 5896
15200 5911
15300 5939
15400 5981
15500 6027
15600 6042
15700 6019
15800 6092
15900 6089
16000 6092
16100 6197
16200 6366
16300 6236
16400 6274
16500 6391
16600 6387
16700 6420
16800 6460
16900 6525
17000 6585
17100 6657
17200 6661
17300 6722
17400 6752
17500 6803
17600 6855
17700 6886
17800 6890
17900 6927
18000 6980
18100 7161
18200 7062
18300 7112
18400 7256
18500 7179
18600 7248
18700 7223
18800 7243
18900 7294
19000 7287
19100 7359
19200 7326
19300 7372
19400 7384
19500 7418
19600 7626
19700 7555
19800 7509
19900 7616
20000 7784
20100 7593
20200 7566
20300 7615
20400 7643
20500 7668
20600 7767
20700 7878
20800 7906
20900 8241
21000 8266
21100 8148
21200 8186
21300 8282
21400 8340
21500 8419
21600 8584
21700 8755
21800 8658
21900 8724
22000 8963
22100 8885
22200 9271
22300 9015
22400 9119
22500 9179
22600 9380
22700 9321
22800 9400
22900 9606
23000 9571
23100 9739
23200 9748
23300 9791
23400 9997
23500 9908
23600 10076
23700 10122
23800 10383
23900 10308
24000 10359
24100 10378
24200 10501
24300 10716
24400 10965
24500 12249
24600 10955
24700 11090
24800 10841
24900 10991
25000 11036
25100 10917
25200 10931
25300 11235
25400 11098
25500 11276
25600 11006
25700 11301
25800 11102
25900 11149
26000 11484
26100 11518
26200 11568
26300 11209
26400 11358
26500 11305
26600 11353
26700 11541
26800 11595
26900 11378
27000 11464
27100 11835
27200 11484
27300 11694
27400 11599
27500 11590
27600 11690
27700 12032
27800 11686
27900 11709
28000 11740
28100 11982
28200 11774
28300 11732
28400 11732
28500 11820
28600 11803
28700 11811
28800 11836
28900 11918
29000 11967
29100 12085
29200 12168
29300 12037
29400 12112
29500 12144
29600 12054
29700 12226
29800 12264
29900 12280
30000 12294
30100 12305
30200 12288
30300 12387
30400 12349
30500 12387
30600 12398
30700 12526
30800 12629
30900 12517
31000 12585
31100 12548
31200 12604
31300 12707
31400 12582
31500 12707
31600 12933
31700 12766
31800 13183
31900 12734
32000 12925
32100 12805
32200 13280
32300 12874
32400 13007
32500 12939
32600 13089
32700 12905
32800 13022
32900 13141
33000 13095
33100 13179
33200 13312
33300 13449
33400 13550
33500 13440
33600 13491
33700 13596
33800 13624
33900 13779
34000 13689
34100 13744
34200 13808
34300 13847
34400 14137
34500 14055
34600 14038
34700 14056
34800 14095
34900 14346
35000 14190
35100 14197
35200 14289
35300 14291
35400 14894
35500 14335
35600 14391
35700 14637
35800 14457
35900 14529
36000 14615
36100 14586
36200 14628
36300 14683
36400 14742
36500 14780
36600 14837
36700 14840
36800 14891
36900 15583
37000 14987
37100 15008
37200 15047
37300 15539
37400 15222
37500 15504
37600 15331
37700 15679
37800 15198
37900 15540
38000 15291
38100 15213
38200 15282
38300 15307
38400 15314
38500 15397
38600 15346
38700 15735
38800 15842
38900 15432
39000 15585
39100 15565
39200 15589
39300 15562
39400 15584
39500 15675
39600 15712
39700 15647
39800 15937
39900 15740
40000 15809
40100 15796
40200 15839
40300 16091
40400 15796
40500 15855
40600 15909
40700 16073
40800 16085
40900 16001
41000 16128
41100 16119
41200 16288
41300 16285
41400 16342
41500 16552
41600 16514
41700 16664
41800 16656
41900 16996
42000 16873
42100 16936
42200 16972
42300 17055
42400 17104
42500 17235
42600 17253
42700 17289
42800 17881
42900 17544
43000 17661
43100 17641
43200 17678
43300 17828
43400 17888
43500 17896
43600 18041
43700 18136
43800 18130
43900 18197
44000 18679
44100 18427
44200 18502
44300 18597
44400 18664
44500 18768
44600 18819
44700 18827
44800 18942
44900 18970
45000 19060
45100 19096
45200 19186
45300 19346
45400 19498
45500 19477
45600 19662
45700 19642
45800 20009
45900 19827
46000 19882
46100 19954
46200 20096
46300 20159
46400 20189
46500 20221
46600 20308
46700 20468
46800 20932
46900 20587
47000 20737
47100 20694
47200 20740
47300 20962
47400 20940
47500 20943
47600 21114
47700 21390
47800 21247
47900 21477
48000 22041
48100 21515
48200 21611
48300 21640
48400 21618
48500 22114
48600 21832
48700 21919
48800 22351
48900 22776
49000 21984
49100 22286
49200 22226
49300 22259
49400 22287
49500 22502
49600 22458
49700 22617
49800 22935
49900 22770
50000 22618
50100 22572
50200 22691
50300 22611
50400 22703
50500 22692
50600 22771
50700 22841
50800 22826
50900 22711
51000 22926
51100 22861
51200 22935
51300 22861
51400 22853
51500 22913
51600 23071
51700 22991
51800 23094
51900 23119
52000 23062
52100 23322
52200 23268
52300 23169
52400 23346
52500 23192
52600 23390
52700 23359
52800 23374
52900 23394
53000 23263
53100 23473
53200 23416
53300 23505
53400 23503
53500 23589
53600 23548
53700 23595
53800 23595
53900 23606
54000 23674
54100 23976
54200 23758
54300 23819
54400 23846
54500 23775
54600 23880
54700 23934
54800 23996
54900 23975
55000 23934
55100 24028
55200 24107
55300 23993
55400 24142
55500 24139
55600 24174
55700 24259
55800 24282
55900 24273
56000 24214
56100 24317
56200 24366
56300 24645
56400 24449
56500 24427
56600 24442
56700 24361
56800 24399
56900 24451
57000 24360
57100 24391
57200 24469
57300 24870
57400 24849
57500 24641
57600 24594
57700 24710
57800 24690
57900 24717
58000 24751
58100 24860
58200 24763
58300 24877
58400 24823
58500 24899
58600 25158
58700 24954
58800 25019
58900 25048
59000 25008
59100 25228
59200 25108
59300 25092
59400 25231
59500 25196
59600 25215
59700 25338
59800 25226
59900 25381
60000 25208
60100 25475
60200 25358
60300 25614
60400 25516
60500 25522
60600 25424
60700 25698
60800 25613
60900 25693
61000 25905
61100 25774
61200 25685
61300 25873
61400 26072
61500 25755
61600 26908
61700 26091
61800 25692
61900 25829
62000 26138
62100 25987
62200 26228
62300 26012
62400 26112
62500 26059
62600 26199
62700 26353
62800 26996
62900 26069
63000 26305
63100 26111
63200 26216
63300 26555
63400 26196
63500 26908
63600 26298
63700 27531
63800 26560
63900 26474
64000 26441
64100 26582
64200 26386
64300 26801
64400 26555
64500 26558
64600 26614
64700 26699
64800 26672
64900 27178
65000 26996
65100 27033
65200 26629
65300 26796
65400 26771
65500 26698
65600 26961
65700 27144
65800 27412
65900 27327
66000 27279
66100 27418
66200 27447
66300 27522
66400 27677
66500 27534
66600 27669
66700 27869
66800 28021
66900 27874
67000 27882
67100 28184
67200 27991
67300 28101
67400 28499
67500 28683
67600 28139
67700 28342
67800 28298
67900 28788
68000 28451
68100 28588
68200 28843
68300 28697
68400 28771
68500 28678
68600 28772
68700 29038
68800 28862
68900 28863
69000 28949
69100 29230
69200 30064
69300 29046
69400 29230
69500 29159
69600 29360
69700 29482
69800 29374
69900 29312
70000 29979
70100 29500
70200 30014
70300 29576
70400 29978
70500 29624
70600 30084
70700 29797
70800 29986
70900 30033
71000 30035
71100 30068
71200 30193
71300 30305
71400 30162
71500 30069
71600 30055
71700 30131
71800 30192
71900 30111
72000 30233
72100 30221
72200 30342
72300 30562
72400 30424
72500 30568
72600 31265
72700 30646
72800 30564
72900 30602
73000 30577
73100 30741
73200 30723
73300 30957
73400 30920
73500 31166
73600 30880
73700 30865
73800 31027
73900 30889
74000 30939
74100 31093
74200 31107
74300 31200
74400 31361
74500 31149
74600 31665
74700 31246
74800 31358
74900 31371
75000 31422
75100 31258
75200 31454
75300 31763
75400 31495
75500 31560
75600 31439
75700 31572
75800 31468
75900 31562
76000 31706
76100 31830
76200 31636
76300 31678
76400 31739
76500 31794
76600 31858
76700 31755
76800 31781
76900 32250
77000 31989
77100 31999
77200 31971
77300 32044
77400 31945
77500 32038
77600 32620
77700 32017
77800 32039
77900 32014
78000 32158
78100 32118
78200 32150
78300 32226
78400 32296
78500 34211
78600 32279
78700 32331
78800 32429
78900 32796
79000 32421
79100 32477
79200 32451
79300 32632
79400 32575
79500 32641
79600 32643
79700 32624
79800 32562
79900 32715
80000 32709
80100 32682
80200 32785
80300 32821
80400 32819
80500 33368
80600 32801
80700 32951
80800 32972
80900 33060
81000 32954
81100 33203
81200 33293
81300 33102
81400 33302
81500 33232
81600 33183
81700 33161
81800 33266
81900 33102
82000 33462
82100 33285
82200 33402
82300 33504
82400 33619
82500 33723
82600 33762
82700 33875
82800 34284
82900 34180
83000 34280
83100 34303
83200 34376
83300 34331
83400 34341
83500 34443
83600 34629
83700 34950
83800 34960
83900 34642
84000 34843
84100 35222
84200 35019
84300 35007
84400 35426
84500 35528
84600 35465
84700 35477
84800 35466
84900 35461
85000 35866
85100 36079
85200 35679
85300 35823
85400 36345
85500 36117
85600 36268
85700 36584
85800 36132
85900 36372
86000 36291
86100 36589
86200 36576
86300 36450
86400 36518
86500 36710
86600 36766
86700 36824
86800 37175
86900 37276
87000 37205
87100 37174
87200 37550
87300 37359
87400 37814
87500 37593
87600 37589
87700 37657
87800 37741
87900 38318
88000 38110
88100 38118
88200 37981
88300 38172
88400 38356
88500 39073
88600 38568
88700 38356
88800 38598
88900 38780
89000 39101
89100 38784
89200 39080
89300 38858
89400 38975
89500 39008
89600 39665
89700 39167
89800 39160
89900 39355
90000 39396
90100 39359
90200 39941
90300 39587
90400 39716
90500 39847
90600 39918
90700 40103
90800 40014
90900 40058
91000 40110
91100 40423
91200 40445
91300 41057
91400 40612
91500 40685
91600 40742
91700 40612
91800 41142
91900 41232
92000 41046
92100 41354
92200 41310
92300 41223
92400 41412
92500 41600
92600 41836
92700 41563
92800 41766
92900 41902
93000 41765
93100 42179
93200 42511
93300 42059
93400 42358
93500 42162
93600 42289
93700 42537
93800 42677
93900 42436
94000 42777
94100 42648
94200 42791
94300 42756
94400 42859
94500 43075
94600 43138
94700 43181
94800 43165
94900 43330
95000 43402
95100 43394
95200 43559
95300 43928
95400 43737
95500 43894
95600 44247
95700 43937
95800 44006
95900 44107
96000 44334
96100 44160
96200 44485
96300 44275
96400 44400
96500 44748
96600 44667
96700 47647
96800 44732
96900 45108
97000 44885
97100 45218
97200 45312
97300 45095
97400 46370
97500 45641
97600 45286
97700 45514
97800 45380
97900 45605
98000 45632
98100 45634
98200 45610
98300 45845
98400 45837
98500 45779
98600 46047
98700 46546
98800 46121
98900 45949
99000 46170
99100 46966
99200 46708
99300 47592
99400 46501
99500 46330
99600 46376
99700 46575
99800 46661
99900 46507
100000 46785
