500 93
600 114
700 154
800 167
900 183
1000 198
1100 227
1200 247
1300 359
1400 327
1500 344
1600 360
1700 382
1800 422
1900 422
2000 443
2100 474
2200 495
2300 514
2400 546
2500 567
2600 617
2700 694
2800 723
2900 750
3000 769
3100 859
3200 830
3300 859
3400 848
3500 869
3600 888
3700 920
3800 992
3900 955
4000 978
4100 1006
4200 1066
4300 1079
4400 1100
4500 1125
4600 1142
4700 1174
4800 1180
4900 1211
5000 1230
5100 1252
5200 1331
5300 1400
5400 1494
5500 1509
5600 1520
5700 1548
5800 1579
5900 1594
6000 1632
6100 1654
6200 1670
6300 1836
6400 1716
6500 1715
6600 1767
6700 1786
6800 1818
6900 1831
7000 1857
7100 1882
7200 1892
7300 1906
7400 1931
7500 1961
7600 1990
7700 2024
7800 2029
7900 2056
8000 2074
8100 2107
8200 2124
8300 2191
8400 2230
8500 2266
8600 2282
8700 2297
8800 2351
8900 2366
9000 2384
9100 2402
9200 2490
9300 2537
9400 2505
9500 2524
9600 2740
9700 2566
9800 2715
9900 2633
10000 2653
10100 2678
10200 2718
10300 2767
10400 3027
10500 2974
10600 3026
10700 3080
10800 3174
10900 3215
11000 3220
11100 3256
11200 3264
11300 3295
11400 3507
11500 3354
11600 3375
11700 3850
11800 3400
11900 3438
12000 3548
12100 3474
12200 3520
12300 3529
12400 3603
12500 3630
12600 3607
12700 3659
12800 3651
12900 3667
13000 3698
13100 4022
13200 3762
13300 3795
13400 3822
13500 3849
13600 3964
13700 3915
13800 3894
13900 3907
14000 3915
14100 3957
14200 4016
14300 4018
14400 4088
14500 4092
14600 4076
14700 4179
14800 4193
14900 4164
15000 4196
15100 4221
15200 4248
15300 4782
15400 4272
15500 4309
15600 4370
15700 4346
15800 4370
15900 4409
16000 4438
16100 4493
16200 4508
16300 4679
16400 4554
16500 4649
16600 4712
16700 4695
16800 4741
16900 4790
17000 4869
17100 4851
17200 4835
17300 4890
17400 4893
17500 4960
17600 5052
17700 5001
17800 5027
17900 5315
18000 5081
18100 5113
18200 5126
18300 5139
18400 5317
18500 5255
18600 5503
18700 5293
18800 5363
18900 5331
19000 5372
19100 5373
19200 5428
19300 5457
19400 5458
19500 5459
19600 5536
19700 5550
19800 5593
19900 5680
20000 5626
20100 5677
20200 5711
20300 5704
20400 5729
20500 5803
20600 5845
20700 5955
20800 6197
20900 6189
21000 6203
21100 6320
21200 6415
21300 6454
21400 6620
21500 6685
21600 9795
21700 6952
21800 6830
21900 6800
22000 6814
22100 6875
22200 6874
22300 6976
22400 6905
22500 6939
22600 6962
22700 7020
22800 7018
22900 7279
23000 7046
23100 7142
23200 7130
23300 7168
23400 7187
23500 7184
23600 7275
23700 7275
23800 7335
23900 7316
24000 7426
24100 7498
24200 7479
24300 7485
24400 7745
24500 7494
24600 7627
24700 7619
24800 7544
24900 7663
25000 7588
25100 7651
25200 7632
25300 7687
25400 7865
25500 7773
25600 7732
25700 7792
25800 7982
25900 7828
26000 7945
26100 7875
26200 7907
26300 8231
26400 7960
26500 7994
26600 8001
26700 8027
26800 8292
26900 8116
27000 8260
27100 8121
27200 8166
27300 8210
27400 8192
27500 8220
27600 8542
27700 8522
27800 8315
27900 8354
28000 8367
28100 8425
28200 8369
28300 8462
28400 8462
28500 8526
28600 8861
28700 8503
28800 8556
28900 8648
29000 8712
29100 8761
29200 8702
29300 8748
29400 8719
29500 8745
29600 8743
29700 9210
29800 8857
29900 8869
30000 8904
30100 8968
30200 9034
30300 9071
30400 9019
30500 9007
30600 9121
30700 9040
30800 9138
30900 9145
31000 9135
31100 9179
31200 9178
31300 9227
31400 9249
31500 9288
31600 9529
31700 9321
31800 9881
31900 9430
32000 9407
32100 9434
32200 9452
32300 9782
32400 9514
32500 9621
32600 9573
32700 9578
32800 9686
32900 9726
33000 9775
33100 9825
33200 9889
33300 9991
33400 9965
33500 9994
33600 10032
33700 10051
33800 10123
33900 10142
34000 10169
34100 10213
34200 10210
34300 10235
34400 10306
34500 10383
34600 10513
34700 10389
34800 10382
34900 10452
35000 10466
35100 10550
35200 10541
35300 10533
35400 10614
35500 10756
35600 10967
35700 10796
35800 10829
35900 10714
36000 10766
36100 10807
36200 10828
36300 10855
36400 10905
36500 10935
36600 11324
36700 10964
36800 11008
36900 11269
37000 11091
37100 11152
37200 11438
37300 11257
37400 11236
37500 11315
37600 11253
37700 11539
37800 11396
37900 11462
38000 11568
38100 11381
38200 11461
38300 11429
38400 11491
38500 11523
38600 11511
38700 11592
38800 11604
38900 11609
39000 11716
39100 11692
39200 11732
39300 11746
39400 11814
39500 11797
39600 12084
39700 11886
39800 11842
39900 11913
40000 11955
40100 11967
40200 12057
40300 12030
40400 12060
40500 12073
40600 12195
40700 12253
40800 12595
40900 12212
41000 12229
41100 12492
41200 12637
41300 12487
41400 12644
41500 12749
41600 12767
41700 12847
41800 12996
41900 13020
42000 13178
42100 13224
42200 13367
42300 13400
42400 13487
42500 13557
42600 13701
42700 13814
42800 13858
42900 13983
43000 14043
43100 14109
43200 14177
43300 14118
43400 14144
43500 14176
43600 14216
43700 14265
43800 14373
43900 14330
44000 14673
44100 14351
44200 14467
44300 14420
44400 14466
44500 14537
44600 14508
44700 14575
44800 14572
44900 14481
45000 14641
45100 14625
45200 14555
45300 14710
45400 14739
45500 14958
45600 14932
45700 14778
45800 14823
45900 15123
46000 14959
46100 14945
46200 15001
46300 14965
46400 15032
46500 15279
46600 15207
46700 15084
46800 15184
46900 15157
47000 15156
47100 15191
47200 15212
47300 15311
47400 15374
47500 15302
47600 15332
47700 15335
47800 15433
47900 15513
48000 15530
48100 15583
48200 15540
48300 15534
48400 15481
48500 15507
48600 15654
48700 15732
48800 15707
48900 15629
49000 15675
49100 15663
49200 15787
49300 15823
49400 15888
49500 15891
49600 15878
49700 15939
49800 15972
49900 15995
50000 16094
50100 16014
50200 16333
50300 16071
50400 16131
50500 16097
50600 16187
50700 16117
50800 16227
50900 16168
51000 16489
51100 16323
51200 16445
51300 16727
51400 16416
51500 16378
51600 16373
51700 16411
51800 16570
51900 16404
52000 16546
52100 16508
52200 16918
52300 16671
52400 16810
52500 16648
52600 16706
52700 16743
52800 16788
52900 16752
53000 16805
53100 16764
53200 16844
53300 16854
53400 16937
53500 17083
53600 17019
53700 16960
53800 17064
53900 16997
54000 16997
54100 17172
54200 17159
54300 17174
54400 17255
54500 17220
54600 17191
54700 17233
54800 17309
54900 17302
55000 17321
55100 17382
55200 17481
55300 17441
55400 17463
55500 17456
55600 17507
55700 17575
55800 17590
55900 17632
56000 17633
56100 17615
56200 17755
56300 17681
56400 17980
56500 17767
56600 17748
56700 17827
56800 17923
56900 18039
57000 17987
57100 17817
57200 17970
57300 18019
57400 18202
57500 18055
57600 18033
57700 18138
57800 18116
57900 18199
58000 18460
58100 18235
58200 18198
58300 18276
58400 18217
58500 18160
58600 18383
58700 18407
58800 18441
58900 18332
59000 18344
59100 18424
59200 18726
59300 18462
59400 18515
59500 18405
59600 18593
59700 18642
59800 18568
59900 18597
60000 19012
60100 18738
60200 18877
60300 18834
60400 18711
60500 18915
60600 18966
60700 18954
60800 18999
60900 18965
61000 18862
61100 19137
61200 18988
61300 19032
61400 19057
61500 18983
61600 19042
61700 19074
61800 19144
61900 19084
62000 19359
62100 19282
62200 19312
62300 19294
62400 19405
62500 19471
62600 19403
62700 19341
62800 19968
62900 19337
63000 20235
63100 19589
63200 20886
63300 19596
63400 19973
63500 19603
63600 19799
63700 19832
63800 19781
63900 19717
64000 19753
64100 19921
64200 19754
64300 19888
64400 19866
64500 20273
64600 19802
64700 19928
64800 19947
64900 20025
65000 19994
65100 20068
65200 20254
65300 20089
65400 20271
65500 20128
65600 20402
65700 20526
65800 20618
65900 20604
66000 20601
66100 20735
66200 20818
66300 20968
66400 20851
66500 20853
66600 21416
66700 21028
66800 20987
66900 21115
67000 20975
67100 21259
67200 21131
67300 21575
67400 21180
67500 21221
67600 21545
67700 21353
67800 21527
67900 21708
68000 21483
68100 21453
68200 21531
68300 21608
68400 21701
68500 21632
68600 21667
68700 21613
68800 21701
68900 21787
69000 22165
69100 22081
69200 22084
69300 21868
69400 21989
69500 21893
69600 21883
69700 22007
69800 22211
69900 22900
70000 22086
70100 22142
70200 22204
70300 22170
70400 22256
70500 22266
70600 22858
70700 22361
70800 22271
70900 22374
71000 22471
71100 22525
71200 22509
71300 22566
71400 22386
71500 22433
71600 22647
71700 22502
71800 22532
71900 22877
72000 22599
72100 23084
72200 22709
72300 22830
72400 22801
72500 22828
72600 22876
72700 22816
72800 22932
72900 22976
73000 23166
73100 23210
73200 22915
73300 23185
73400 23364
73500 23106
73600 23090
73700 23167
73800 24228
73900 23272
74000 23420
74100 23266
74200 23378
74300 23795
74400 23641
74500 23421
74600 23522
74700 23472
74800 23642
74900 23620
75000 23565
75100 23627
75200 23604
75300 23741
75400 23708
75500 23923
75600 23818
75700 23967
75800 24103
75900 23874
76000 23845
76100 24265
76200 23996
76300 24018
76400 23967
76500 24026
76600 24155
76700 24109
76800 24217
76900 24222
77000 24718
77100 24204
77200 24295
77300 24333
77400 24303
77500 24296
77600 24288
77700 24401
77800 24524
77900 24432
78000 24468
78100 24525
78200 24677
78300 24755
78400 24632
78500 24682
78600 24625
78700 24838
78800 24632
78900 24793
79000 24851
79100 24798
79200 24855
79300 24887
79400 24964
79500 24949
79600 24919
79700 25030
79800 25065
79900 25111
80000 25071
80100 25136
80200 25168
80300 25123
80400 25243
80500 25146
80600 25522
80700 25174
80800 25497
80900 25343
81000 25631
81100 25474
81200 25434
81300 25497
81400 25469
81500 25512
81600 25668
81700 25686
81800 25661
81900 25594
82000 25623
82100 25919
82200 25931
82300 25930
82400 26376
82500 26211
82600 26419
82700 26501
82800 26349
82900 26562
83000 26611
83100 26783
83200 26866
83300 26940
83400 26938
83500 27062
83600 27186
83700 27370
83800 27298
83900 27444
84000 27554
84100 27622
84200 27814
84300 27851
84400 27967
84500 27970
84600 28325
84700 28462
84800 28618
84900 28384
85000 28538
85100 28495
85200 28576
85300 28755
85400 28812
85500 28940
85600 28937
85700 28957
85800 29150
85900 29244
86000 29273
86100 29550
86200 29461
86300 29472
86400 29569
86500 29545
86600 29634
86700 29659
86800 29793
86900 29693
87000 29576
87100 29738
87200 29873
87300 29845
87400 29856
87500 30471
87600 29966
87700 29989
87800 30020
87900 30074
88000 30019
88100 30070
88200 30215
88300 30153
88400 30147
88500 30153
88600 30637
88700 30241
88800 30211
88900 30326
89000 30864
89100 30346
89200 30406
89300 30563
89400 30373
89500 30737
89600 30447
89700 30751
89800 30436
89900 31341
90000 30603
90100 30564
90200 30802
90300 30750
90400 30652
90500 30806
90600 30794
90700 30877
90800 30943
90900 30787
91000 30688
91100 30869
91200 31132
91300 31038
91400 30934
91500 31020
91600 31105
91700 31039
91800 31026
91900 31537
92000 31204
92100 31377
92200 31618
92300 31367
92400 34213
92500 31602
92600 31339
92700 31304
92800 31287
92900 31358
93000 31581
93100 31529
93200 31575
93300 32104
93400 32076
93500 31490
93600 31757
93700 31542
93800 31949
93900 31698
94000 31713
94100 31756
94200 31804
94300 31796
94400 31805
94500 31841
94600 32097
94700 31927
94800 31990
94900 31954
95000 32079
95100 32324
95200 32303
95300 32178
95400 32197
95500 32322
95600 32222
95700 32238
95800 32534
95900 32448
96000 32401
96100 32273
96200 32672
96300 32633
96400 32703
96500 32427
96600 32366
96700 32639
96800 32446
96900 32568
97000 32983
97100 32627
97200 32644
97300 32673
97400 32736
97500 33033
97600 32763
97700 32835
97800 32744
97900 33017
98000 32978
98100 32804
98200 32775
98300 32945
98400 32898
98500 33014
98600 33109
98700 32925
98800 33105
98900 33087
99000 33100
99100 33386
99200 33314
99300 33338
99400 33280
99500 33263
99600 33314
99700 33402
99800 33447
99900 33277
100000 33398
