500 136
600 161
700 202
800 242
900 255
1000 261
1100 343
1200 311
1300 338
1400 396
1500 465
1600 521
1700 782
1800 839
1900 541
2000 547
2100 598
2200 608
2300 675
2400 659
2500 667
2600 702
2700 891
2800 909
2900 911
3000 1004
3100 1141
3200 1069
3300 1066
3400 1073
3500 1107
3600 1098
3700 1098
3800 1131
3900 1538
4000 1139
4100 1640
4200 1216
4300 1243
4400 1284
4500 1301
4600 1308
4700 1500
4800 1328
4900 1355
5000 1357
5100 1367
5200 1452
5300 1549
5400 1587
5500 1752
5600 1710
5700 1826
5800 1852
5900 1918
6000 1998
6100 2190
6200 2196
6300 2140
6400 2142
6500 2157
6600 2135
6700 2189
6800 2196
6900 2220
7000 2220
7100 2217
7200 2246
7300 2229
7400 2272
7500 2277
7600 2267
7700 2269
7800 2268
7900 2298
8000 2307
8100 2303
8200 2328
8300 2403
8400 2453
8500 2489
8600 2548
8700 2598
8800 2579
8900 2692
9000 2656
9100 2622
9200 2668
9300 2693
9400 2743
9500 2690
9600 2743
9700 2693
9800 2882
9900 2774
10000 2793
10100 2973
10200 2774
10300 2866
10400 3047
10500 3084
10600 3093
10700 3085
10800 3343
10900 4163
11000 3356
11100 3399
11200 3481
11300 3559
11400 3606
11500 3682
11600 3911
11700 3819
11800 3862
11900 3930
12000 4038
12100 4111
12200 4166
12300 4411
12400 4242
12500 4325
12600 4312
12700 4295
12800 4315
12900 4343
13000 4380
13100 4638
13200 4387
13300 4462
13400 4467
13500 7462
13600 4444
13700 4484
13800 4489
13900 4459
14000 4499
14100 4568
14200 4499
14300 4557
14400 4522
14500 4602
14600 4550
14700 4666
14800 4606
14900 4610
15000 4573
15100 4623
15200 4635
15300 4690
15400 4724
15500 4624
15600 4679
15700 4932
15800 4640
15900 4693
16000 4691
16100 4695
16200 4982
16300 4709
16400 4766
16500 5093
16600 4918
16700 4947
16800 5012
16900 5074
17000 5051
17100 5101
17200 5109
17300 5174
17400 5232
17500 5318
17600 5273
17700 5370
17800 5378
17900 5354
18000 5304
18100 5385
18200 5346
18300 5435
18400 5441
18500 5559
18600 5457
18700 5627
18800 5495
18900 5592
19000 5483
19100 5531
19200 5537
19300 5645
19400 5616
19500 5567
19600 5686
19700 5624
19800 5623
19900 5650
20000 5871
20100 5755
20200 5677
20300 5674
20400 5734
20500 5787
20600 5875
20700 5945
20800 5975
20900 6085
21000 6104
21100 6322
21200 6276
21300 6391
21400 6390
21500 6603
21600 6594
21700 6639
21800 6747
21900 6911
22000 6853
22100 6901
22200 6966
22300 7050
22400 7083
22500 7172
22600 7251
22700 7344
22800 7484
22900 7587
23000 7553
23100 7809
23200 7750
23300 7811
23400 7825
23500 7933
23600 7978
23700 8310
23800 8168
23900 8263
24000 8257
24100 8436
24200 8374
24300 8472
24400 8565
24500 8901
24600 8711
24700 8833
24800 8770
24900 8781
25000 8770
25100 8827
25200 8831
25300 9029
25400 8839
25500 8822
25600 8919
25700 8925
25800 8927
25900 8905
26000 8938
26100 8992
26200 9177
26300 8906
26400 9106
26500 9124
26600 9019
26700 9032
26800 9041
26900 9108
27000 9361
27100 9114
27200 9300
27300 9117
27400 9187
27500 9149
27600 9194
27700 9240
27800 9289
27900 9225
28000 9293
28100 9235
28200 9293
28300 9373
28400 9284
28500 9353
28600 9328
28700 9369
28800 9401
28900 9515
29000 9357
29100 9517
29200 9631
29300 9443
29400 9412
29500 9469
29600 9382
29700 9542
29800 9483
29900 9501
30000 9517
30100 9606
30200 9955
30300 9470
30400 9559
30500 9550
30600 9561
30700 9702
30800 9587
30900 9537
31000 9613
31100 9577
31200 9546
31300 9756
31400 9619
31500 9696
31600 9726
31700 9680
31800 9629
31900 9687
32000 9698
32100 9730
32200 9717
32300 10013
32400 9729
32500 9731
32600 9706
32700 9831
32800 9746
32900 9906
33000 9930
33100 10017
33200 10095
33300 10061
33400 10284
33500 10258
33600 10334
33700 10254
33800 10381
33900 10445
34000 10441
34100 10452
34200 10500
34300 10575
34400 10573
34500 10829
34600 10883
34700 10792
34800 10699
34900 10830
35000 11257
35100 10825
35200 10860
35300 10888
35400 10874
35500 11069
35600 11097
35700 10991
35800 11141
35900 11018
36000 11028
36100 11240
36200 11301
36300 11054
36400 11089
36500 11059
36600 11095
36700 11197
36800 11560
36900 11236
37000 11223
37100 11279
37200 11354
37300 11308
37400 11308
37500 11624
37600 11375
37700 11507
37800 11349
37900 11423
38000 11393
38100 11467
38200 11379
38300 11427
38400 11557
38500 11470
38600 11493
38700 11404
38800 11498
38900 11516
39000 11616
39100 11575
39200 11849
39300 11574
39400 11635
39500 11639
39600 11637
39700 11600
39800 11608
39900 11629
40000 11730
40100 11671
40200 11780
40300 11885
40400 11676
40500 11762
40600 11776
40700 11955
40800 11790
40900 12061
41000 12265
41100 12016
41200 12120
41300 12433
41400 12257
41500 12337
41600 12381
41700 12435
41800 12534
41900 12557
42000 12622
42100 12736
42200 12798
42300 12966
42400 13176
42500 13028
42600 13383
42700 13097
42800 13432
42900 13325
43000 13377
43100 13497
43200 13600
43300 13648
43400 13827
43500 13805
43600 13803
43700 13836
43800 13911
43900 14196
44000 14117
44100 14152
44200 14254
44300 14323
44400 14329
44500 14400
44600 14582
44700 14485
44800 14629
44900 14604
45000 14782
45100 14794
45200 14950
45300 14986
45400 15123
45500 15047
45600 15358
45700 15258
45800 15295
45900 15335
46000 15462
46100 15453
46200 15593
46300 15685
46400 15737
46500 15747
46600 15790
46700 15936
46800 15941
46900 16303
47000 16490
47100 16236
47200 16433
47300 16382
47400 16540
47500 16545
47600 16796
47700 16654
47800 16746
47900 16794
48000 17167
48100 16936
48200 17014
48300 17121
48400 17240
48500 17399
48600 17294
48700 17613
48800 17513
48900 17674
49000 17788
49100 17995
49200 17911
49300 17812
49400 17920
49500 17970
49600 17881
49700 18521
49800 18128
49900 17958
50000 18025
50100 17998
50200 18034
50300 18001
50400 18123
50500 18096
50600 18199
50700 18441
50800 18198
50900 18080
51000 18140
51100 18241
51200 18209
51300 18269
51400 18241
51500 19754
51600 18184
51700 18255
51800 18291
51900 18318
52000 18288
52100 18317
52200 18321
52300 18336
52400 18251
52500 18334
52600 18419
52700 18313
52800 18342
52900 18382
53000 18553
53100 18573
53200 18558
53300 18519
53400 18539
53500 18629
53600 18618
53700 18794
53800 18798
53900 18733
54000 18665
54100 18829
54200 18723
54300 18773
54400 18725
54500 18752
54600 18998
54700 18709
54800 18798
54900 18853
55000 18867
55100 18891
55200 18881
55300 18885
55400 18843
55500 18865
55600 18872
55700 18965
55800 18922
55900 18986
56000 19103
56100 18889
56200 19148
56300 19322
56400 19632
56500 19026
56600 19067
56700 18973
56800 19179
56900 19122
57000 19184
57100 19218
57200 19533
57300 19268
57400 19408
57500 19272
57600 19300
57700 19336
57800 19313
57900 19405
58000 19450
58100 19667
58200 19284
58300 19373
58400 19303
58500 20628
58600 19317
58700 19388
58800 19589
58900 19628
59000 19474
59100 20437
59200 19464
59300 19478
59400 19361
59500 19485
59600 19477
59700 19490
59800 19406
59900 19524
60000 19514
60100 19578
60200 19563
60300 19547
60400 19498
60500 19434
60600 19688
60700 19509
60800 19550
60900 19622
61000 19584
61100 19622
61200 20012
61300 19596
61400 19690
61500 19839
61600 19745
61700 19709
61800 19790
61900 19727
62000 19723
62100 19672
62200 19723
62300 19727
62400 19736
62500 19774
62600 19646
62700 20020
62800 19817
62900 19699
63000 19687
63100 19724
63200 20319
63300 19778
63400 20299
63500 19954
63600 19988
63700 19935
63800 19943
63900 19836
64000 19905
64100 19924
64200 19927
64300 19921
64400 19936
64500 20042
64600 20059
64700 19971
64800 19932
64900 19935
65000 20045
65100 20034
65200 19903
65300 19942
65400 20042
65500 20030
65600 20293
65700 20411
65800 20389
65900 20497
66000 20927
66100 20706
66200 20664
66300 20742
66400 20797
66500 20762
66600 21155
66700 21012
66800 21091
66900 21178
67000 21069
67100 21114
67200 21211
67300 21418
67400 21218
67500 21358
67600 21463
67700 21559
67800 21772
67900 21580
68000 21883
68100 21716
68200 21689
68300 21716
68400 21793
68500 21860
68600 21889
68700 21870
68800 21869
68900 21811
69000 21920
69100 21973
69200 22063
69300 22325
69400 22472
69500 22278
69600 22123
69700 22253
69800 22313
69900 22351
70000 22426
70100 22264
70200 22379
70300 22457
70400 22469
70500 22326
70600 22388
70700 22561
70800 22520
70900 22567
71000 22610
71100 22480
71200 22620
71300 22491
71400 22633
71500 22730
71600 27290
71700 23858
71800 22641
71900 22734
72000 22761
72100 22898
72200 22822
72300 22802
72400 23195
72500 22857
72600 22865
72700 23022
72800 22929
72900 22981
73000 22974
73100 22959
73200 23023
73300 22979
73400 23166
73500 23114
73600 23145
73700 23311
73800 23205
73900 23342
74000 23275
74100 23389
74200 23462
74300 23447
74400 23243
74500 23314
74600 23470
74700 23448
74800 23358
74900 23454
75000 23941
75100 23390
75200 23497
75300 23573
75400 23535
75500 23671
75600 23537
75700 23668
75800 23530
75900 23907
76000 23570
76100 23636
76200 23592
76300 23649
76400 23649
76500 23697
76600 23572
76700 23668
76800 23722
76900 23673
77000 23736
77100 23803
77200 23837
77300 23746
77400 23973
77500 23771
77600 23925
77700 23857
77800 24083
77900 23873
78000 24051
78100 23935
78200 23971
78300 23995
78400 24255
78500 26610
78600 23972
78700 24020
78800 24015
78900 23998
79000 23987
79100 24060
79200 24045
79300 24352
79400 24207
79500 24296
79600 24141
79700 24454
79800 24094
79900 24279
80000 24360
80100 24335
80200 24244
80300 24553
80400 24221
80500 24689
80600 24235
80700 24253
80800 24388
80900 24249
81000 24320
81100 24465
81200 25494
81300 24343
81400 24431
81500 24569
81600 24538
81700 24703
81800 24736
81900 24601
82000 24709
82100 25140
82200 24806
82300 25073
82400 25248
82500 25046
82600 25203
82700 25685
82800 25399
82900 25472
83000 25424
83100 25615
83200 25762
83300 25708
83400 25763
83500 25855
83600 25953
83700 26000
83800 26413
83900 26378
84000 26169
84100 26242
84200 26240
84300 26369
84400 26468
84500 26596
84600 26695
84700 27506
84800 26655
84900 27123
85000 26929
85100 27210
85200 27095
85300 27180
85400 27268
85500 27337
85600 27367
85700 27411
85800 27583
85900 27470
86000 27682
86100 27822
86200 27846
86300 27975
86400 28153
86500 28056
86600 28082
86700 28259
86800 28257
86900 28303
87000 28356
87100 28523
87200 28396
87300 28596
87400 28564
87500 29455
87600 28841
87700 28939
87800 28978
87900 29016
88000 29254
88100 29104
88200 29185
88300 29201
88400 29398
88500 29329
88600 29963
88700 29956
88800 29621
88900 29642
89000 30035
89100 29901
89200 30370
89300 30096
89400 30129
89500 30478
89600 30464
89700 30529
89800 30315
89900 30337
90000 30549
90100 30726
90200 31030
90300 30800
90400 30820
90500 31007
90600 30827
90700 31077
90800 31061
90900 31030
91000 31349
91100 31653
91200 31233
91300 31710
91400 31759
91500 31563
91600 31813
91700 31944
91800 31650
91900 31771
92000 31859
92100 32016
92200 31936
92300 31967
92400 32101
92500 32220
92600 32404
92700 32542
92800 32528
92900 32807
93000 32683
93100 32575
93200 32771
93300 32871
93400 32851
93500 33007
93600 33174
93700 33054
93800 33168
93900 33373
94000 33620
94100 33517
94200 33995
94300 33544
94400 33793
94500 33667
94600 34159
94700 33930
94800 33931
94900 34460
95000 34087
95100 34180
95200 34289
95300 34292
95400 34432
95500 34480
95600 34584
95700 34602
95800 34846
95900 34757
96000 35055
96100 34935
96200 35080
96300 35179
96400 35122
96500 35252
96600 35290
96700 35711
96800 35434
96900 35504
97000 35696
97100 35751
97200 35815
97300 36822
97400 35969
97500 36065
97600 36107
97700 36284
97800 36427
97900 36391
98000 36615
98100 37096
98200 36755
98300 36651
98400 36859
98500 36765
98600 36761
98700 37099
98800 36802
98900 37014
99000 37015
99100 36963
99200 37234
99300 37065
99400 37071
99500 37079
99600 36866
99700 37756
99800 37065
99900 37068
100000 37085
