500 50
600 57
700 64
800 68
900 98
1000 107
1100 120
1200 127
1300 135
1400 141
1500 155
1600 156
1700 315
1800 332
1900 240
2000 233
2100 253
2200 259
2300 269
2400 286
2500 295
2600 299
2700 323
2800 332
2900 341
3000 357
3100 352
3200 367
3300 453
3400 461
3500 478
3600 469
3700 481
3800 529
3900 521
4000 503
4100 537
4200 560
4300 556
4400 601
4500 611
4600 594
4700 610
4800 605
4900 634
5000 627
5100 618
5200 647
5300 666
5400 657
5500 656
5600 680
5700 682
5800 701
5900 692
6000 716
6100 744
6200 733
6300 734
6400 740
6500 889
6600 913
6700 942
6800 936
6900 957
7000 1004
7100 971
7200 985
7300 976
7400 1010
7500 1001
7600 1013
7700 1040
7800 1028
7900 1059
8000 1063
8100 1060
8200 1098
8300 1116
8400 1116
8500 1176
8600 1167
8700 1190
8800 1156
8900 1186
9000 1212
9100 1220
9200 1197
9300 1259
9400 1241
9500 1239
9600 1275
9700 1275
9800 1266
9900 1300
10000 1301
10100 1299
10200 1316
10300 1374
10400 1311
10500 1323
10600 1369
10700 1359
10800 1383
10900 1449
11000 1370
11100 1529
11200 1396
11300 1406
11400 1412
11500 1408
11600 1431
11700 1433
11800 1467
11900 1460
12000 1459
12100 1500
12200 1497
12300 1504
12400 1664
12500 1535
12600 1574
12700 1530
12800 1539
12900 1804
13000 1826
13100 1905
13200 1906
13300 1937
13400 1929
13500 1981
13600 1963
13700 1950
13800 1998
13900 1988
14000 1994
14100 1982
14200 2193
14300 2184
14400 2019
14500 2035
14600 2036
14700 2121
14800 2069
14900 2099
15000 2086
15100 2086
15200 2102
15300 2112
15400 2243
15500 2152
15600 2141
15700 2188
15800 2261
15900 2194
16000 2196
16100 2198
16200 2207
16300 2265
16400 2238
16500 2283
16600 2328
16700 2366
16800 2338
16900 2333
17000 2365
17100 2393
17200 2368
17300 2395
17400 2394
17500 2425
17600 2450
17700 2534
17800 2455
17900 2462
18000 2527
18100 2489
18200 2650
18300 2480
18400 2518
18500 2552
18600 2506
18700 2516
18800 2534
18900 2566
19000 2546
19100 2727
19200 2571
19300 2967
19400 2620
19500 2835
19600 2672
19700 2658
19800 2685
19900 2667
20000 2668
20100 2693
20200 2672
20300 2695
20400 2729
20500 2729
20600 2730
20700 2738
20800 2734
20900 2757
21000 2756
21100 2793
21200 2816
21300 2805
21400 2815
21500 2846
21600 2855
21700 2841
21800 2960
21900 2881
22000 2868
22100 2905
22200 2981
22300 2901
22400 2924
22500 2947
22600 2952
22700 2973
22800 2993
22900 2969
23000 2972
23100 2993
23200 3108
23300 3104
23400 3020
23500 3046
23600 3020
23700 3129
23800 3122
23900 3061
24000 3086
24100 3311
24200 3200
24300 3097
24400 3144
24500 3136
24600 3146
24700 3157
24800 3172
24900 3162
25000 3186
25100 3200
25200 3209
25300 3240
25400 3212
25500 3231
25600 3406
25700 3388
25800 3554
25900 3691
26000 3776
26100 3941
26200 4021
26300 3990
26400 3996
26500 4006
26600 4047
26700 4098
26800 4078
26900 4095
27000 4083
27100 4138
27200 4199
27300 4119
27400 4129
27500 4119
27600 4137
27700 4165
27800 4155
27900 4176
28000 4202
28100 4265
28200 4215
28300 4230
28400 4218
28500 4233
28600 4397
28700 4253
28800 4419
28900 4316
29000 4276
29100 4275
29200 4301
29300 4292
29400 4329
29500 4463
29600 4344
29700 4587
29800 4383
29900 4386
30000 4415
30100 4406
30200 4407
30300 4439
30400 4444
30500 4445
30600 4467
30700 4448
30800 4778
30900 4488
31000 4500
31100 4520
31200 4531
31300 4564
31400 4546
31500 4722
31600 4579
31700 4588
31800 4590
31900 4638
32000 4668
32100 4643
32200 4656
32300 4663
32400 4740
32500 4829
32600 4698
32700 4730
32800 4757
32900 4818
33000 4804
33100 4861
33200 4941
33300 4930
33400 4898
33500 4973
33600 4955
33700 4944
33800 4936
33900 4962
34000 5059
34100 4995
34200 4994
34300 5011
34400 5009
34500 5087
34600 5119
34700 5330
34800 5328
34900 5080
35000 5102
35100 5151
35200 5147
35300 5127
35400 5152
35500 5358
35600 5455
35700 5208
35800 5187
35900 5191
36000 5227
36100 5236
36200 5284
36300 5207
36400 5214
36500 5274
36600 5254
36700 5264
36800 5330
36900 5297
37000 5325
37100 5360
37200 5340
37300 5494
37400 5357
37500 5398
37600 5365
37700 5517
37800 5415
37900 5411
38000 5425
38100 5441
38200 5535
38300 5469
38400 5468
38500 5476
38600 5606
38700 5527
38800 5540
38900 5536
39000 5838
39100 5566
39200 5565
39300 5581
39400 5665
39500 5656
39600 5600
39700 5629
39800 5735
39900 5697
40000 5715
40100 5695
40200 5724
40300 5710
40400 5694
40500 5706
40600 5726
40700 5823
40800 5816
40900 5794
41000 5771
41100 5788
41200 6274
41300 5807
41400 5827
41500 5839
41600 5838
41700 5843
41800 5962
41900 5990
42000 5876
42100 5880
42200 5910
42300 5943
42400 5976
42500 5994
42600 5973
42700 5984
42800 6002
42900 6024
43000 6002
43100 6045
43200 6121
43300 6044
43400 6094
43500 6105
43600 6123
43700 6111
43800 6145
43900 6128
44000 6150
44100 6173
44200 6175
44300 6199
44400 6184
44500 6215
44600 6231
44700 6229
44800 6232
44900 6261
45000 6222
45100 6259
45200 6306
45300 6246
45400 6313
45500 6305
45600 6294
45700 6341
45800 6333
45900 6326
46000 6333
46100 6334
46200 6368
46300 6862
46400 6395
46500 6412
46600 6374
46700 6432
46800 6416
46900 6451
47000 6447
47100 6453
47200 6488
47300 6495
47400 6488
47500 6512
47600 6524
47700 6538
47800 6531
47900 6582
48000 6528
48100 6594
48200 6589
48300 6590
48400 6589
48500 6626
48600 6604
48700 6655
48800 6646
48900 6650
49000 6659
49100 6681
49200 6715
49300 6979
49400 6746
49500 6874
49600 6740
49700 6731
49800 6777
49900 6757
50000 6741
50100 6990
50200 6848
50300 6835
50400 6799
50500 6828
50600 6837
50700 6843
50800 6860
50900 6884
51000 6915
51100 6901
51200 6977
51300 7196
51400 7240
51500 7329
51600 7445
51700 7770
51800 8273
51900 7911
52000 8167
52100 8210
52200 8347
52300 8430
52400 8428
52500 8417
52600 8476
52700 8483
52800 8487
52900 8430
53000 8597
53100 8560
53200 8634
53300 8564
53400 8585
53500 8743
53600 8610
53700 8620
53800 8649
53900 8643
54000 8613
54100 8951
54200 8670
54300 8639
54400 8658
54500 8656
54600 8694
54700 8742
54800 8727
54900 8733
55000 8770
55100 8758
55200 8775
55300 8818
55400 8786
55500 8955
55600 8805
55700 9643
55800 8855
55900 8842
56000 8890
56100 8891
56200 8990
56300 8904
56400 8923
56500 8951
56600 8956
56700 9135
56800 8986
56900 9057
57000 8946
57100 8973
57200 9089
57300 9036
57400 9076
57500 9106
57600 9096
57700 9100
57800 9113
57900 9109
58000 9148
58100 9120
58200 9124
58300 9593
58400 9149
58500 9220
58600 9302
58700 9205
58800 9188
58900 9164
59000 9192
59100 9277
59200 9244
59300 9244
59400 9281
59500 9465
59600 9281
59700 9303
59800 9308
59900 9383
60000 9392
60100 9500
60200 9552
60300 9376
60400 9389
60500 9393
60600 9448
60700 9443
60800 9430
60900 9451
61000 9465
61100 9468
61200 9482
61300 9477
61400 9545
61500 9545
61600 9540
61700 9590
61800 9528
61900 9591
62000 9624
62100 9628
62200 9649
62300 9631
62400 9668
62500 9635
62600 9597
62700 9806
62800 9700
62900 9818
63000 9754
63100 9766
63200 9729
63300 9745
63400 9765
63500 10117
63600 9826
63700 9958
63800 9846
63900 9897
64000 9883
64100 9861
64200 9841
64300 9848
64400 9876
64500 9870
64600 9890
64700 9882
64800 9914
64900 9928
65000 10042
65100 9957
65200 9965
65300 9949
65400 10003
65500 10012
65600 10371
65700 10255
65800 10317
65900 10366
66000 10389
66100 10405
66200 10411
66300 10458
66400 10442
66500 10486
66600 10512
66700 10519
66800 10628
66900 10554
67000 10657
67100 10621
67200 10556
67300 10606
67400 10586
67500 10822
67600 10692
67700 10802
67800 10680
67900 10678
68000 10719
68100 10785
68200 10724
68300 10899
68400 10693
68500 10711
68600 10739
68700 10796
68800 10787
68900 10758
69000 10816
69100 10831
69200 10863
69300 10828
69400 10850
69500 10887
69600 10865
69700 10940
69800 10933
69900 10931
70000 10952
70100 10966
70200 11035
70300 11843
70400 10986
70500 11000
70600 10983
70700 11052
70800 11101
70900 11133
71000 11035
71100 11093
71200 11083
71300 11072
71400 11096
71500 11110
71600 11149
71700 11138
71800 11163
71900 11199
72000 11210
72100 11275
72200 11215
72300 11210
72400 11213
72500 11229
72600 11255
72700 11258
72800 11284
72900 11312
73000 11488
73100 11272
73200 11425
73300 11333
73400 11341
73500 11366
73600 11369
73700 11383
73800 11391
73900 11416
74000 11442
74100 11584
74200 11457
74300 11775
74400 11655
74500 11480
74600 11481
74700 11514
74800 11541
74900 11544
75000 11711
75100 11563
75200 11628
75300 11611
75400 11645
75500 11622
75600 11667
75700 11634
75800 11668
75900 11654
76000 12076
76100 11745
76200 11702
76300 11927
76400 11776
76500 11937
76600 11750
76700 12138
76800 11785
76900 11833
77000 11852
77100 11821
77200 11920
77300 12130
77400 11893
77500 11962
77600 11949
77700 11911
77800 12104
77900 11924
78000 11965
78100 11968
78200 12153
78300 12001
78400 12229
78500 12043
78600 12070
78700 12095
78800 12077
78900 12040
79000 12098
79100 12096
79200 12155
79300 12126
79400 12315
79500 12140
79600 12158
79700 12146
79800 12147
79900 12390
80000 12403
80100 12178
80200 12262
80300 12439
80400 12227
80500 12476
80600 12277
80700 12871
80800 12285
80900 12388
81000 12293
81100 12416
81200 12333
81300 17289
81400 12369
81500 12434
81600 12381
81700 12415
81800 12433
81900 12441
82000 12445
82100 12488
82200 12442
82300 12509
82400 12490
82500 12559
82600 12529
82700 12550
82800 12524
82900 12573
83000 12701
83100 12683
83200 12604
83300 12598
83400 12590
83500 12658
83600 12631
83700 12798
83800 12676
83900 12658
84000 12709
84100 12774
84200 12697
84300 12749
84400 12822
84500 12828
84600 12797
84700 12849
84800 12833
84900 12865
85000 13149
85100 12888
85200 12909
85300 12995
85400 12913
85500 12972
85600 13021
85700 13407
85800 13176
85900 13102
86000 13459
86100 13104
86200 13759
86300 13151
86400 13296
86500 13108
86600 13388
86700 13095
86800 13104
86900 13195
87000 13165
87100 13136
87200 13167
87300 13258
87400 13177
87500 13201
87600 13205
87700 13169
87800 13653
87900 13256
88000 13233
88100 13338
88200 13284
88300 13341
88400 13316
88500 13325
88600 13356
88700 13378
88800 13401
88900 13392
89000 13340
89100 13436
89200 13382
89300 14514
89400 13454
89500 13375
89600 13501
89700 13403
89800 13435
89900 13461
90000 13512
90100 13530
90200 13528
90300 13580
90400 13536
90500 13651
90600 13575
90700 13689
90800 13588
90900 13675
91000 13639
91100 13598
91200 13647
91300 13655
91400 13852
91500 13775
91600 13685
91700 13682
91800 13654
91900 13694
92000 13759
92100 13727
92200 13701
92300 13726
92400 13753
92500 14015
92600 13771
92700 13834
92800 13827
92900 13837
93000 13850
93100 13908
93200 13858
93300 13877
93400 13851
93500 13876
93600 14039
93700 13869
93800 13867
93900 14007
94000 13963
94100 13971
94200 14008
94300 13983
94400 14054
94500 14313
94600 14255
94700 14087
94800 14048
94900 14132
95000 14216
95100 14092
95200 14215
95300 14064
95400 14157
95500 14293
95600 14158
95700 14146
95800 14095
95900 14168
96000 14277
96100 14161
96200 14235
96300 14308
96400 14513
96500 14265
96600 14259
96700 14349
96800 14341
96900 14328
97000 14307
97100 14339
97200 14397
97300 14501
97400 14351
97500 14367
97600 14381
97700 14402
97800 14357
97900 14516
98000 14370
98100 14415
98200 14393
98300 14455
98400 14496
98500 14509
98600 14448
98700 14581
98800 14492
98900 14523
99000 14582
99100 14588
99200 14594
99300 14508
99400 14584
99500 14565
99600 14602
99700 14719
99800 14751
99900 14755
100000 14618
