500 117
600 147
700 195
800 208
900 228
1000 252
1100 275
1200 293
1300 350
1400 404
1500 429
1600 448
1700 469
1800 486
1900 512
2000 531
2100 561
2200 586
2300 603
2400 633
2500 679
2600 700
2700 778
2800 883
2900 917
3000 946
3100 1113
3200 974
3300 1023
3400 1019
3500 1033
3600 1047
3700 1336
3800 1103
3900 1135
4000 1151
4100 1166
4200 1247
4300 1245
4400 1283
4500 1294
4600 1314
4700 1340
4800 1352
4900 1374
5000 1394
5100 1477
5200 1485
5300 1611
5400 1658
5500 1748
5600 1812
5700 1862
5800 1894
5900 1906
6000 1935
6100 2053
6200 1992
6300 2010
6400 2034
6500 2077
6600 2073
6700 2094
6800 2125
6900 2176
7000 2201
7100 2214
7200 2198
7300 2246
7400 2240
7500 2293
7600 2326
7700 2334
7800 2376
7900 2350
8000 2415
8100 2443
8200 2448
8300 2763
8400 2565
8500 2585
8600 2624
8700 2678
8800 2674
8900 2695
9000 2704
9100 2752
9200 2775
9300 2937
9400 2840
9500 2856
9600 2870
9700 2909
9800 2944
9900 2944
10000 2989
10100 3004
10200 3008
10300 3104
10400 3165
10500 3264
10600 3344
10700 3460
10800 3881
10900 3597
11000 3735
11100 3764
11200 3858
11300 3922
11400 6066
11500 3972
11600 4244
11700 4032
11800 4055
11900 4211
12000 4298
12100 4098
12200 4138
12300 4216
12400 4163
12500 4294
12600 4232
12700 4346
12800 4281
12900 4367
13000 4399
13100 4762
13200 4434
13300 4397
13400 4440
13500 4526
13600 4515
13700 4526
13800 4535
13900 4556
14000 4643
14100 4633
14200 4626
14300 5040
14400 4738
14500 4727
14600 4741
14700 4906
14800 4851
14900 4789
15000 4871
15100 4887
15200 5460
15300 4895
15400 4942
15500 5006
15600 4996
15700 5021
15800 5028
15900 5080
16000 5092
16100 5142
16200 5355
16300 5149
16400 5239
16500 5255
16600 5299
16700 5383
16800 5643
16900 5452
17000 5486
17100 5480
17200 5532
17300 5606
17400 5629
17500 5636
17600 5668
17700 5709
17800 5723
17900 5706
18000 5779
18100 5972
18200 5807
18300 5878
18400 6002
18500 6000
18600 5918
18700 5945
18800 6097
18900 6001
19000 6016
19100 6067
19200 6114
19300 6127
19400 6146
19500 6136
19600 6185
19700 6268
19800 6264
19900 6467
20000 6340
20100 6316
20200 6350
20300 6395
20400 6377
20500 6443
20600 6518
20700 6595
20800 6696
20900 6971
21000 6856
21100 6919
21200 7001
21300 7132
21400 7184
21500 7302
21600 8868
21700 7636
21800 7559
21900 7657
22000 7862
22100 7899
22200 8117
22300 8289
22400 8094
22500 8158
22600 8237
22700 8259
22800 8279
22900 8575
23000 8335
23100 8440
23200 8435
23300 8556
23400 8467
23500 8451
23600 8490
23700 8491
23800 8647
23900 8687
24000 8586
24100 9238
24200 8812
24300 8871
24400 8762
24500 9035
24600 8761
24700 8833
24800 8772
24900 8836
25000 8872
25100 8922
25200 8943
25300 8971
25400 8959
25500 8950
25600 8995
25700 9338
25800 9282
25900 9084
26000 9201
26100 9082
26200 9173
26300 9188
26400 9370
26500 9230
26600 9512
26700 9318
26800 9713
26900 9350
27000 9409
27100 9639
27200 9438
27300 9655
27400 9508
27500 9533
27600 10322
27700 9822
27800 9718
27900 9601
28000 9677
28100 9690
28200 9703
28300 9712
28400 9815
28500 9751
28600 9804
28700 9822
28800 9819
28900 9862
29000 9900
29100 10008
29200 10340
29300 9970
29400 10052
29500 10060
29600 10024
29700 10127
29800 10156
29900 10171
30000 10188
30100 10347
30200 10187
30300 10315
30400 10259
30500 10314
30600 10374
30700 10338
30800 10458
30900 10489
31000 10418
31100 10516
31200 10494
31300 10702
31400 10552
31500 10626
31600 10850
31700 10650
31800 10688
31900 11331
32000 10946
32100 10720
32200 10798
32300 10833
32400 10826
32500 10843
32600 10916
32700 10894
32800 10933
32900 11006
33000 11078
33100 11103
33200 11161
33300 11316
33400 11250
33500 11280
33600 11373
33700 11379
33800 11381
33900 11485
34000 11627
34100 11534
34200 11575
34300 11593
34400 11682
34500 12376
34600 11833
34700 11767
34800 11860
34900 11962
35000 11854
35100 11859
35200 11903
35300 11994
35400 11939
35500 12318
35600 12021
35700 12153
35800 12309
35900 12088
36000 12150
36100 12140
36200 12164
36300 12267
36400 12227
36500 12291
36600 12343
36700 12317
36800 12338
36900 12484
37000 12428
37100 12515
37200 12487
37300 12467
37400 12557
37500 12682
37600 12869
37700 12907
37800 13043
37900 12695
38000 12901
38100 12740
38200 12792
38300 12744
38400 12851
38500 12865
38600 12908
38700 13007
38800 12924
38900 12951
39000 13025
39100 12996
39200 13045
39300 13078
39400 13114
39500 13121
39600 13133
39700 13438
39800 13150
39900 13248
40000 13239
40100 13242
40200 13317
40300 13463
40400 13342
40500 13365
40600 13402
40700 13423
40800 13566
40900 13413
41000 13522
41100 13609
41200 13708
41300 13791
41400 13833
41500 13972
41600 14061
41700 14147
41800 14574
41900 14307
42000 14446
42100 14554
42200 14573
42300 14677
42400 14702
42500 14803
42600 14909
42700 15024
42800 15052
42900 15162
43000 15292
43100 15302
43200 15537
43300 15611
43400 15564
43500 15717
43600 15751
43700 15884
43800 15985
43900 16147
44000 16254
44100 16310
44200 16538
44300 16477
44400 16557
44500 16668
44600 16739
44700 16803
44800 16849
44900 17077
45000 17073
45100 17161
45200 17154
45300 17247
45400 17182
45500 17324
45600 17378
45700 17451
45800 17378
45900 17447
46000 17497
46100 17439
46200 17433
46300 17489
46400 17569
46500 17545
46600 17739
46700 17593
46800 17640
46900 17692
47000 17746
47100 17702
47200 17735
47300 17852
47400 17804
47500 17735
47600 17805
47700 17898
47800 17764
47900 17892
48000 17989
48100 17920
48200 17958
48300 18009
48400 18022
48500 18087
48600 18114
48700 18138
48800 18170
48900 18161
49000 18143
49100 18219
49200 18353
49300 18291
49400 18299
49500 18401
49600 18400
49700 18386
49800 18531
49900 18500
50000 18666
50100 18612
50200 18570
50300 18542
50400 18649
50500 18673
50600 18741
50700 18675
50800 18698
50900 18845
51000 19296
51100 18840
51200 18751
51300 19105
51400 18871
51500 18984
51600 18812
51700 18919
51800 19042
51900 18997
52000 19103
52100 19133
52200 19241
52300 19227
52400 19252
52500 19271
52600 19316
52700 19228
52800 19199
52900 19299
53000 19325
53100 19303
53200 19358
53300 19387
53400 19443
53500 19394
53600 19527
53700 19573
53800 19469
53900 19665
54000 19675
54100 19656
54200 19769
54300 19776
54400 19808
54500 19688
54600 19839
54700 19845
54800 19859
54900 19855
55000 19866
55100 19977
55200 20076
55300 19899
55400 20041
55500 20060
55600 20166
55700 20140
55800 20127
55900 20239
56000 20243
56100 20189
56200 20314
56300 20454
56400 20738
56500 20245
56600 20350
56700 20399
56800 20386
56900 20341
57000 20579
57100 20407
57200 20522
57300 20488
57400 20404
57500 20635
57600 21243
57700 20655
57800 20707
57900 20667
58000 20609
58100 21060
58200 20831
58300 20854
58400 20773
58500 20968
58600 20826
58700 20833
58800 21734
58900 20840
59000 20951
59100 21073
59200 21122
59300 21192
59400 21160
59500 21030
59600 21119
59700 21476
59800 21227
59900 21251
60000 21484
60100 21467
60200 21325
60300 21473
60400 21508
60500 21626
60600 21856
60700 21657
60800 21467
60900 21641
61000 21457
61100 21578
61200 21809
61300 21592
61400 21717
61500 21651
61600 21837
61700 21746
61800 22296
61900 21707
62000 22432
62100 22486
62200 22150
62300 21911
62400 22003
62500 21883
62600 22648
62700 22276
62800 22920
62900 22007
63000 22064
63100 22042
63200 22255
63300 22317
63400 22166
63500 22197
63600 22247
63700 22294
63800 22397
63900 22318
64000 22348
64100 22463
64200 22452
64300 22534
64400 22591
64500 22567
64600 22484
64700 22545
64800 22582
64900 22640
65000 22957
65100 22799
65200 22805
65300 22512
65400 22798
65500 22729
65600 23012
65700 23077
65800 23444
65900 23078
66000 23277
66100 23511
66200 23372
66300 23308
66400 23346
66500 24029
66600 23441
66700 23533
66800 23557
66900 23715
67000 23720
67100 23797
67200 23776
67300 23841
67400 23934
67500 23895
67600 23926
67700 23979
67800 23963
67900 24319
68000 24060
68100 24122
68200 24288
68300 24850
68400 24284
68500 24246
68600 24295
68700 24255
68800 24513
68900 24744
69000 24547
69100 24581
69200 24621
69300 24568
69400 24623
69500 24574
69600 24725
69700 24681
69800 24826
69900 24847
70000 24888
70100 24774
70200 24828
70300 24892
70400 24964
70500 24964
70600 25032
70700 24983
70800 25158
70900 25363
71000 25225
71100 25617
71200 25367
71300 25183
71400 25211
71500 25264
71600 25280
71700 26162
71800 25278
71900 25474
72000 25476
72100 25501
72200 25510
72300 25423
72400 25860
72500 25592
72600 25588
72700 25547
72800 25628
72900 25699
73000 25718
73100 25853
73200 25780
73300 26182
73400 25841
73500 25786
73600 25771
73700 25827
73800 25858
73900 25964
74000 26438
74100 26043
74200 26021
74300 26062
74400 26405
74500 26095
74600 26308
74700 26194
74800 26256
74900 26501
75000 26299
75100 26421
75200 26371
75300 26470
75400 26534
75500 26837
75600 26590
75700 26422
75800 26407
75900 27056
76000 26586
76100 26569
76200 26613
76300 27407
76400 26642
76500 26738
76600 26912
76700 26847
76800 27145
76900 26881
77000 27049
77100 26847
77200 26956
77300 26939
77400 27377
77500 27027
77600 27086
77700 27050
77800 27065
77900 27163
78000 27050
78100 27172
78200 27214
78300 27250
78400 27354
78500 29457
78600 27290
78700 27338
78800 27550
78900 27938
79000 27374
79100 27807
79200 27888
79300 27638
79400 27563
79500 28082
79600 27569
79700 27612
79800 27581
79900 27574
80000 27655
80100 28374
80200 27899
80300 27794
80400 27867
80500 27900
80600 27865
80700 27861
80800 28043
80900 27908
81000 27947
81100 27941
81200 28305
81300 28013
81400 28482
81500 28448
81600 28190
81700 28227
81800 28341
81900 28497
82000 28284
82100 28327
82200 28554
82300 28545
82400 28652
82500 28975
82600 28857
82700 28911
82800 29148
82900 29192
83000 29066
83100 29297
83200 30080
83300 29568
83400 29531
83500 29712
83600 29720
83700 29821
83800 30136
83900 29942
84000 30060
84100 30219
84200 30217
84300 30316
84400 30416
84500 30554
84600 30580
84700 31462
84800 30920
84900 30779
85000 31997
85100 31062
85200 31047
85300 31173
85400 31246
85500 31510
85600 31377
85700 31736
85800 31553
85900 31794
86000 32230
86100 32057
86200 31936
86300 32261
86400 32109
86500 32443
86600 32299
86700 32755
86800 32701
86900 32602
87000 32674
87100 32706
87200 32951
87300 33042
87400 33121
87500 33286
87600 33967
87700 33510
87800 33501
87900 33687
88000 33654
88100 33831
88200 33830
88300 34092
88400 34044
88500 34183
88600 34378
88700 34432
88800 34480
88900 34429
89000 34679
89100 34771
89200 35558
89300 39173
89400 34926
89500 35355
89600 35066
89700 35513
89800 35294
89900 35409
90000 35605
90100 35537
90200 35631
90300 35668
90400 35658
90500 35732
90600 36305
90700 35932
90800 36255
90900 35761
91000 35806
91100 36053
91200 36299
91300 36101
91400 36006
91500 35935
91600 36401
91700 36097
91800 36638
91900 36289
92000 36182
92100 36214
92200 36685
92300 36214
92400 36322
92500 36432
92600 36307
92700 36271
92800 36383
92900 36494
93000 36841
93100 36564
93200 36541
93300 36551
93400 36747
93500 36644
93600 36574
93700 36892
93800 37029
93900 36718
94000 36750
94100 36808
94200 36873
94300 36860
94400 36847
94500 36903
94600 36994
94700 36943
94800 36802
94900 37022
95000 37028
95100 37100
95200 37317
95300 37058
95400 37357
95500 37261
95600 37320
95700 37809
95800 37221
95900 37427
96000 37254
96100 37394
96200 37324
96300 37488
96400 37380
96500 37601
96600 37417
96700 37545
96800 37586
96900 37659
97000 38276
97100 37580
97200 37782
97300 37557
97400 37715
97500 37767
97600 37854
97700 37741
97800 37707
97900 37830
98000 37852
98100 37721
98200 37800
98300 37926
98400 37917
98500 37850
98600 38116
98700 37937
98800 38005
98900 38047
99000 38005
99100 38170
99200 38931
99300 38052
99400 38432
99500 38189
99600 38439
99700 38399
99800 38644
99900 38980
100000 38553
