500 91
600 110
700 131
800 148
900 170
1000 193
1100 221
1200 243
1300 334
1400 286
1500 306
1600 326
1700 354
1800 375
1900 395
2000 453
2100 468
2200 491
2300 514
2400 539
2500 567
2600 590
2700 613
2800 643
2900 685
3000 694
3100 711
3200 747
3300 792
3400 779
3500 808
3600 828
3700 876
3800 934
3900 925
4000 979
4100 1005
4200 1050
4300 1070
4400 1262
4500 1120
4600 1140
4700 1187
4800 1176
4900 1220
5000 1225
5100 1249
5200 1278
5300 1305
5400 1338
5500 1391
5600 1366
5700 1406
5800 1422
5900 1460
6000 1465
6100 1511
6200 1626
6300 1553
6400 1722
6500 1593
6600 1625
6700 1642
6800 1677
6900 1728
7000 1739
7100 1764
7200 1774
7300 1801
7400 1838
7500 1862
7600 1886
7700 1920
7800 1976
7900 2045
8000 2082
8100 2279
8200 2116
8300 2191
8400 2225
8500 2256
8600 2276
8700 2294
8800 2342
8900 2366
9000 2370
9100 2403
9200 2443
9300 2468
9400 2511
9500 2506
9600 2555
9700 2787
9800 2595
9900 2617
10000 2651
10100 2678
10200 2699
10300 2738
10400 2782
10500 2780
10600 2790
10700 2840
10800 2852
10900 2990
11000 2909
11100 2921
11200 2938
11300 2994
11400 3011
11500 3022
11600 3316
11700 3078
11800 3114
11900 4766
12000 3161
12100 3213
12200 3213
12300 3277
12400 3265
12500 3449
12600 3664
12700 3380
12800 3379
12900 3392
13000 3416
13100 3708
13200 3461
13300 3516
13400 3568
13500 3845
13600 3604
13700 3638
13800 3687
13900 3672
14000 3742
14100 3753
14200 3746
14300 3842
14400 3906
14500 3847
14600 3933
14700 3919
14800 3944
14900 3964
15000 3994
15100 4048
15200 4080
15300 4074
15400 4143
15500 4225
15600 4243
15700 4319
15800 4366
15900 4379
16000 4429
16100 4465
16200 4490
16300 4515
16400 4576
16500 4612
16600 4652
16700 4712
16800 4888
16900 4776
17000 4804
17100 4817
17200 4885
17300 4896
17400 4897
17500 5149
17600 4976
17700 4994
17800 5008
17900 5036
18000 5192
18100 5211
18200 5121
18300 5163
18400 5188
18500 5218
18600 5240
18700 5318
18800 5290
18900 5340
19000 5370
19100 5386
19200 5430
19300 5444
19400 5513
19500 5492
19600 5518
19700 5624
19800 5591
19900 5708
20000 5637
20100 5657
20200 5733
20300 5714
20400 5724
20500 5775
20600 5788
20700 5824
20800 5854
20900 5921
21000 5902
21100 5938
21200 5951
21300 5954
21400 5980
21500 6178
21600 8749
21700 6255
21800 6094
21900 7032
22000 6194
22100 6501
22200 6481
22300 6263
22400 6250
22500 6381
22600 6335
22700 6368
22800 6385
22900 6462
23000 6486
23100 6577
23200 6504
23300 6606
23400 6555
23500 6695
23600 6612
23700 6645
23800 6801
23900 6699
24000 6715
24100 6989
24200 6820
24300 6871
24400 6904
24500 6898
24600 7054
24700 6975
24800 6957
24900 7019
25000 7007
25100 7041
25200 7054
25300 7112
25400 7152
25500 7146
25600 7216
25700 7314
25800 7257
25900 7256
26000 7304
26100 7321
26200 7380
26300 7629
26400 7424
26500 7437
26600 7601
26700 7517
26800 7544
26900 7567
27000 7584
27100 7618
27200 8004
27300 7685
27400 7721
27500 7821
27600 7795
27700 7801
27800 7850
27900 7867
28000 7868
28100 7921
28200 7977
28300 7989
28400 8026
28500 8043
28600 8089
28700 8130
28800 8284
28900 8177
29000 8195
29100 8303
29200 8267
29300 8269
29400 8334
29500 8370
29600 8372
29700 8553
29800 8450
29900 8514
30000 8526
30100 8592
30200 8537
30300 8625
30400 8597
30500 9421
30600 8685
30700 8711
30800 9012
30900 8846
31000 8885
31100 8885
31200 8987
31300 9063
31400 9126
31500 9148
31600 9518
31700 9515
31800 9535
31900 9428
32000 9602
32100 9445
32200 9473
32300 9667
32400 9501
32500 9585
32600 9571
32700 9887
32800 9685
32900 9752
33000 9780
33100 10057
33200 9869
33300 9914
33400 9969
33500 10133
33600 10012
33700 10072
33800 10104
33900 10152
34000 10177
34100 10198
34200 10268
34300 10234
34400 10289
34500 10295
34600 10786
34700 10353
34800 10422
34900 10593
35000 10474
35100 10504
35200 10526
35300 10574
35400 10626
35500 10703
35600 10709
35700 11017
35800 11071
35900 10764
36000 11110
36100 11011
36200 10845
36300 10828
36400 10879
36500 10959
36600 11346
36700 10953
36800 11023
36900 11099
37000 11066
37100 11092
37200 11145
37300 11163
37400 11168
37500 11325
37600 11249
37700 11306
37800 11489
37900 11510
38000 11353
38100 11661
38200 11424
38300 11611
38400 11485
38500 11527
38600 11496
38700 11546
38800 11505
38900 11624
39000 11720
39100 11754
39200 11746
39300 11684
39400 11774
39500 11815
39600 11921
39700 11855
39800 11871
39900 11933
40000 11979
40100 12109
40200 11978
40300 12014
40400 12051
40500 12077
40600 12110
40700 12138
40800 12166
40900 12212
41000 12208
41100 12261
41200 12405
41300 12327
41400 12341
41500 12361
41600 12367
41700 12412
41800 12487
41900 12476
42000 12590
42100 12535
42200 12549
42300 12847
42400 12988
42500 12632
42600 12699
42700 12737
42800 12738
42900 12887
43000 12809
43100 12838
43200 12869
43300 12864
43400 12889
43500 12934
43600 12926
43700 13123
43800 13040
43900 13008
44000 13080
44100 13141
44200 13132
44300 13117
44400 13174
44500 13211
44600 13226
44700 13282
44800 13357
44900 13340
45000 13382
45100 13324
45200 13445
45300 13457
45400 13378
45500 13529
45600 13648
45700 13658
45800 13690
45900 13673
46000 13666
46100 13731
46200 13771
46300 13754
46400 13811
46500 13772
46600 13840
46700 13858
46800 13908
46900 13950
47000 13979
47100 13994
47200 13998
47300 14057
47400 14169
47500 14058
47600 14088
47700 14143
47800 14167
47900 14196
48000 14257
48100 14260
48200 14751
48300 14363
48400 14348
48500 14402
48600 14424
48700 14438
48800 14523
48900 14605
49000 14435
49100 14569
49200 14585
49300 14594
49400 14606
49500 14687
49600 14704
49700 14792
49800 14767
49900 14812
50000 14853
50100 14947
50200 15167
50300 15078
50400 15256
50500 14951
50600 15015
50700 15071
50800 15062
50900 15102
51000 15284
51100 15157
51200 15201
51300 15237
51400 15275
51500 15180
51600 15359
51700 15749
51800 15329
51900 15471
52000 15578
52100 15569
52200 15469
52300 15464
52400 15798
52500 15736
52600 15609
52700 15949
52800 15617
52900 15643
53000 15754
53100 15820
53200 15826
53300 15832
53400 15837
53500 15904
53600 15966
53700 15873
53800 15977
53900 16021
54000 16054
54100 16102
54200 16282
54300 16215
54400 16218
54500 16211
54600 16395
54700 16275
54800 16244
54900 16270
55000 16324
55100 16388
55200 16506
55300 16443
55400 16485
55500 16609
55600 16610
55700 16607
55800 16607
55900 16671
56000 16664
56100 16815
56200 16680
56300 16761
56400 16772
56500 16778
56600 16833
56700 16875
56800 17026
56900 16869
57000 17112
57100 16928
57200 17057
57300 17112
57400 17102
57500 17161
57600 17091
57700 17123
57800 17439
57900 17318
58000 17297
58100 17274
58200 17311
58300 17421
58400 17403
58500 18913
58600 17416
58700 17473
58800 17425
58900 17554
59000 17602
59100 17582
59200 17955
59300 17656
59400 17672
59500 17699
59600 17729
59700 17837
59800 17831
59900 17870
60000 17875
60100 18019
60200 17909
60300 17895
60400 18005
60500 18545
60600 18112
60700 18209
60800 18122
60900 18187
61000 18259
61100 18575
61200 18341
61300 18413
61400 18263
61500 18353
61600 18388
61700 18526
61800 18708
61900 18547
62000 18703
62100 18833
62200 19017
62300 18780
62400 18835
62500 19148
62600 18998
62700 19100
62800 20039
62900 19338
63000 19467
63100 19769
63200 19899
63300 19600
63400 19648
63500 19596
63600 19753
63700 19710
63800 19702
63900 19765
64000 19685
64100 19768
64200 19689
64300 19815
64400 19937
64500 20362
64600 19858
64700 20622
64800 19933
64900 19925
65000 19931
65100 20211
65200 20071
65300 20113
65400 20181
65500 20064
65600 20353
65700 20491
65800 20585
65900 20636
66000 20587
66100 20718
66200 20814
66300 20769
66400 21098
66500 20864
66600 21402
66700 20924
66800 20963
66900 21196
67000 21130
67100 21172
67200 21159
67300 21368
67400 21190
67500 21243
67600 21420
67700 21310
67800 21322
67900 21473
68000 21473
68100 21351
68200 21605
68300 21519
68400 21629
68500 21569
68600 21941
68700 21640
68800 21653
68900 21819
69000 21794
69100 21832
69200 21939
69300 21906
69400 22486
69500 21984
69600 22282
69700 22019
69800 22212
69900 22056
70000 22236
70100 22130
70200 22093
70300 22224
70400 22208
70500 22322
70600 22328
70700 22306
70800 22312
70900 22342
71000 22358
71100 22419
71200 22451
71300 22365
71400 22529
71500 22495
71600 22647
71700 22641
71800 22562
71900 22693
72000 22967
72100 22963
72200 22714
72300 22755
72400 22832
72500 22769
72600 22811
72700 22869
72800 22990
72900 23409
73000 23008
73100 23049
73200 23118
73300 23061
73400 23124
73500 23224
73600 23198
73700 23061
73800 23254
73900 23174
74000 23555
74100 23242
74200 24853
74300 23992
74400 23497
74500 23359
74600 23486
74700 24047
74800 23577
74900 23573
75000 23553
75100 23980
75200 23577
75300 23695
75400 23764
75500 23687
75600 23923
75700 23829
75800 23977
75900 23965
76000 23869
76100 24127
76200 23907
76300 24070
76400 24128
76500 23968
76600 24083
76700 24452
76800 24174
76900 24204
77000 24198
77100 24103
77200 24447
77300 24259
77400 24401
77500 25714
77600 24304
77700 24562
77800 24449
77900 24458
78000 24485
78100 24455
78200 24729
78300 24629
78400 24681
78500 24688
78600 24672
78700 24685
78800 24721
78900 25015
79000 24704
79100 24818
79200 25395
79300 24815
79400 24951
79500 24995
79600 25075
79700 25014
79800 25031
79900 24908
80000 25078
80100 25158
80200 25193
80300 25193
80400 25245
80500 25336
80600 25270
80700 25248
80800 25399
80900 25304
81000 25438
81100 25408
81200 25346
81300 25387
81400 25439
81500 25733
81600 25517
81700 25599
81800 25660
81900 25662
82000 25641
82100 25587
82200 25795
82300 25721
82400 25767
82500 25751
82600 25904
82700 25887
82800 25988
82900 25880
83000 26256
83100 26096
83200 26072
83300 26027
83400 26020
83500 26099
83600 26286
83700 26387
83800 26223
83900 26274
84000 26164
84100 26732
84200 26767
84300 26903
84400 26686
84500 26511
84600 26470
84700 26655
84800 26511
84900 26683
85000 26823
85100 26582
85200 26936
85300 26730
85400 26662
85500 26673
85600 26794
85700 26752
85800 26798
85900 26859
86000 26855
86100 26907
86200 26916
86300 26912
86400 26888
86500 26975
86600 26943
86700 27078
86800 27139
86900 27372
87000 27250
87100 27179
87200 27319
87300 27342
87400 27364
87500 27277
87600 27383
87700 27469
87800 27441
87900 27382
88000 27499
88100 27625
88200 27534
88300 27543
88400 27638
88500 27770
88600 28007
88700 27631
88800 27629
88900 27876
89000 27735
89100 27906
89200 28060
89300 27998
89400 27890
89500 27918
89600 27945
89700 28014
89800 27974
89900 28173
90000 28082
90100 28087
90200 28061
90300 28096
90400 28153
90500 28222
90600 28235
90700 28279
90800 28294
90900 28624
91000 28306
91100 28416
91200 28395
91300 28833
91400 28522
91500 28571
91600 28575
91700 28895
91800 28596
91900 29016
92000 28682
92100 28766
92200 28807
92300 29777
92400 30541
92500 28898
92600 28967
92700 28897
92800 28796
92900 29361
93000 28990
93100 29765
93200 28997
93300 29064
93400 29390
93500 29111
93600 29387
93700 29516
93800 29185
93900 29295
94000 29566
94100 29481
94200 29338
94300 29368
94400 29346
94500 29820
94600 29979
94700 29746
94800 29593
94900 29619
95000 30012
95100 29767
95200 29603
95300 29716
95400 29700
95500 29798
95600 29863
95700 29867
95800 29804
95900 29842
96000 30107
96100 29912
96200 29920
96300 30294
96400 30008
96500 30273
96600 30057
96700 30244
96800 30089
96900 30193
97000 30572
97100 30273
97200 30259
97300 30290
97400 30444
97500 30391
97600 30380
97700 30498
97800 30417
97900 30721
98000 30547
98100 30638
98200 30508
98300 30692
98400 30562
98500 30577
98600 30733
98700 30728
98800 30911
98900 30828
99000 30910
99100 31061
99200 30863
99300 31298
99400 31437
99500 30991
99600 30977
99700 31059
99800 31090
99900 31090
100000 31142
