500 69
600 81
700 85
800 90
900 102
1000 135
1100 154
1200 161
1300 168
1400 179
1500 195
1600 198
1700 279
1800 347
1900 222
2000 297
2100 315
2200 329
2300 341
2400 365
2500 364
2600 387
2700 398
2800 423
2900 434
3000 427
3100 661
3200 448
3300 449
3400 469
3500 472
3600 473
3700 497
3800 493
3900 568
4000 648
4100 671
4200 699
4300 731
4400 737
4500 736
4600 722
4700 782
4800 734
4900 757
5000 766
5100 775
5200 793
5300 827
5400 810
5500 823
5600 843
5700 847
5800 847
5900 877
6000 876
6100 899
6200 922
6300 927
6400 919
6500 927
6600 946
6700 930
6800 953
6900 980
7000 985
7100 973
7200 976
7300 980
7400 989
7500 1008
7600 993
7700 1045
7800 1147
7900 1292
8000 1331
8100 1330
8200 1366
8300 1415
8400 1417
8500 1440
8600 1450
8700 1464
8800 1462
8900 1478
9000 1448
9100 1738
9200 1540
9300 1503
9400 1561
9500 1549
9600 1520
9700 1840
9800 1701
9900 1582
10000 1596
10100 1705
10200 1589
10300 1658
10400 1665
10500 1663
10600 1667
10700 1707
10800 1682
10900 1778
11000 1693
11100 1751
11200 1769
11300 1737
11400 1769
11500 1783
11600 1771
11700 1772
11800 1810
11900 1770
12000 1777
12100 1788
12200 1830
12300 1835
12400 1842
12500 1896
12600 1922
12700 1848
12800 1888
12900 2039
13000 1917
13100 1912
13200 1920
13300 1954
13400 1976
13500 1942
13600 1938
13700 2001
13800 2005
13900 1973
14000 1990
14100 1999
14200 2011
14300 2011
14400 2068
14500 2066
14600 2060
14700 2115
14800 2088
14900 2078
15000 2100
15100 2149
15200 2102
15300 2148
15400 2258
15500 2277
15600 2443
15700 2547
15800 2618
15900 2728
16000 2731
16100 2747
16200 2802
16300 2739
16400 2789
16500 2890
16600 2853
16700 2895
16800 2926
16900 2987
17000 2965
17100 3027
17200 2957
17300 2968
17400 3006
17500 3073
17600 3025
17700 2996
17800 3101
17900 3031
18000 3145
18100 3075
18200 3189
18300 3064
18400 3131
18500 3112
18600 3155
18700 3175
18800 3167
18900 3172
19000 3177
19100 3158
19200 3200
19300 3206
19400 3234
19500 3241
19600 3334
19700 3255
19800 3324
19900 3282
20000 3311
20100 3309
20200 3563
20300 3303
20400 3527
20500 3406
20600 3371
20700 3422
20800 3386
20900 3391
21000 3403
21100 3400
21200 3428
21300 3450
21400 3460
21500 3661
21600 3501
21700 3499
21800 3499
21900 3650
22000 3557
22100 3531
22200 3794
22300 3540
22400 3573
22500 3576
22600 3601
22700 3614
22800 3628
22900 3645
23000 3653
23100 3677
23200 3727
23300 3649
23400 3680
23500 3684
23600 3696
23700 3821
23800 3739
23900 3808
24000 3758
24100 3867
24200 4106
24300 3765
24400 3789
24500 3911
24600 3813
24700 3840
24800 3859
24900 3819
25000 3853
25100 3840
25200 3916
25300 3933
25400 3869
25500 3892
25600 3903
25700 3945
25800 3929
25900 3935
26000 3941
26100 3950
26200 3972
26300 3970
26400 4034
26500 4302
26600 4053
26700 4056
26800 4049
26900 4094
27000 4238
27100 4108
27200 4101
27300 4126
27400 4123
27500 4141
27600 4140
27700 4156
27800 4198
27900 4216
28000 4192
28100 4218
28200 4190
28300 4222
28400 4284
28500 4243
28600 4234
28700 4266
28800 4291
28900 4290
29000 4317
29100 4316
29200 4279
29300 4329
29400 4327
29500 4348
29600 4347
29700 4439
29800 4420
29900 4402
30000 4419
30100 4435
30200 4419
30300 4437
30400 4440
30500 4475
30600 4475
30700 4577
30800 4593
30900 4671
31000 4850
31100 4927
31200 5043
31300 5142
31400 5269
31500 5596
31600 5591
31700 5625
31800 5707
31900 5719
32000 5730
32100 5755
32200 6023
32300 5721
32400 5747
32500 5718
32600 5741
32700 5777
32800 5798
32900 5898
33000 5941
33100 5993
33200 6116
33300 6068
33400 6069
33500 6090
33600 6238
33700 6147
33800 6149
33900 6156
34000 6184
34100 6176
34200 6202
34300 6205
34400 6217
34500 6335
34600 6229
34700 6309
34800 6280
34900 6365
35000 6401
35100 6332
35200 6333
35300 6382
35400 6382
35500 6534
35600 6393
35700 6484
35800 6408
35900 6409
36000 6400
36100 6506
36200 6438
36300 6458
36400 6507
36500 6469
36600 6497
36700 6543
36800 6518
36900 6513
37000 6572
37100 6614
37200 6580
37300 6596
37400 6631
37500 6721
37600 6608
37700 6638
37800 6655
37900 6634
38000 6656
38100 6695
38200 6665
38300 6679
38400 6703
38500 6727
38600 6729
38700 6721
38800 6765
38900 6871
39000 6867
39100 6877
39200 6855
39300 6847
39400 6870
39500 6866
39600 6856
39700 6860
39800 6898
39900 6947
40000 6915
40100 6934
40200 6926
40300 6961
40400 7037
40500 6982
40600 6990
40700 6999
40800 7160
40900 7115
41000 7086
41100 7081
41200 7141
41300 7108
41400 7129
41500 7149
41600 7175
41700 7153
41800 7172
41900 7510
42000 7185
42100 7208
42200 7291
42300 7205
42400 7334
42500 7307
42600 7241
42700 7313
42800 7378
42900 7280
43000 7326
43100 7355
43200 7391
43300 7338
43400 7369
43500 7401
43600 7399
43700 7418
43800 7487
43900 7434
44000 7455
44100 7429
44200 7468
44300 7482
44400 7471
44500 7455
44600 7518
44700 7515
44800 7529
44900 7596
45000 7543
45100 7655
45200 7580
45300 7569
45400 7637
45500 7604
45600 7625
45700 7639
45800 7659
45900 7659
46000 7674
46100 7766
46200 7689
46300 7697
46400 7717
46500 7712
46600 7751
46700 7734
46800 7841
46900 7857
47000 7793
47100 7852
47200 7807
47300 7863
47400 8091
47500 7847
47600 7904
47700 7916
47800 7884
47900 7878
48000 7894
48100 8433
48200 7964
48300 7927
48400 7920
48500 7986
48600 8293
48700 7959
48800 7964
48900 7977
49000 8022
49100 8044
49200 8044
49300 8389
49400 8117
49500 8134
49600 8087
49700 8133
49800 8115
49900 8114
50000 8142
50100 8341
50200 8394
50300 8171
50400 8147
50500 8199
50600 8213
50700 8244
50800 8226
50900 8303
51000 8253
51100 8422
51200 8761
51300 8338
51400 8313
51500 8308
51600 8513
51700 8350
51800 8404
51900 8366
52000 8380
52100 8389
52200 8409
52300 8432
52400 8678
52500 8590
52600 8430
52700 8449
52800 8450
52900 8471
53000 8499
53100 8501
53200 8524
53300 8550
53400 8561
53500 8623
53600 8607
53700 8616
53800 8649
53900 8667
54000 8657
54100 8637
54200 8763
54300 8773
54400 8638
54500 8684
54600 8702
54700 8683
54800 8690
54900 8758
55000 8743
55100 8779
55200 8808
55300 8789
55400 8806
55500 9040
55600 8835
55700 8865
55800 8856
55900 8877
56000 8882
56100 8913
56200 9041
56300 8926
56400 8929
56500 8963
56600 8901
56700 8965
56800 9032
56900 9292
57000 8948
57100 8956
57200 9065
57300 9012
57400 9069
57500 9077
57600 9088
57700 9120
57800 9415
57900 9086
58000 9175
58100 9155
58200 9126
58300 9243
58400 9125
58500 9164
58600 9177
58700 9183
58800 9171
58900 9199
59000 9182
59100 9189
59200 9241
59300 9244
59400 9302
59500 9295
59600 9283
59700 9339
59800 9299
59900 9365
60000 9379
60100 9351
60200 9383
60300 9405
60400 9414
60500 9389
60600 9432
60700 9436
60800 9414
60900 9484
61000 9480
61100 9475
61200 9528
61300 9464
61400 9526
61500 9938
61600 9707
61700 9839
61800 9925
61900 10070
62000 10145
62100 10295
62200 10385
62300 10534
62400 10635
62500 10772
62600 10823
62700 11231
62800 11117
62900 11192
63000 11394
63100 11533
63200 11580
63300 11780
63400 11891
63500 12106
63600 12025
63700 12037
63800 12007
63900 12006
64000 12024
64100 12095
64200 12068
64300 12029
64400 12341
64500 12048
64600 12072
64700 12123
64800 12124
64900 12103
65000 12065
65100 12124
65200 12105
65300 12430
65400 12185
65500 12605
65600 12393
65700 12395
65800 12465
65900 12522
66000 12537
66100 12599
66200 12705
66300 12646
66400 12648
66500 12924
66600 12846
66700 12806
66800 12895
66900 12856
67000 12872
67100 13020
67200 12880
67300 12929
67400 13341
67500 13339
67600 13023
67700 13054
67800 13084
67900 13085
68000 13101
68100 13124
68200 13147
68300 13158
68400 13162
68500 13124
68600 13201
68700 13170
68800 13366
68900 13186
69000 13185
69100 13256
69200 13249
69300 13220
69400 13260
69500 13300
69600 13300
69700 13401
69800 13372
69900 13420
70000 13457
70100 13404
70200 13445
70300 13450
70400 13445
70500 13496
70600 13509
70700 13469
70800 13525
70900 13658
71000 13665
71100 13681
71200 13562
71300 13525
71400 13618
71500 13588
71600 13584
71700 13630
71800 13647
71900 13618
72000 13612
72100 13630
72200 13673
72300 13749
72400 13917
72500 13721
72600 13673
72700 13726
72800 13713
72900 13840
73000 13732
73100 14262
73200 14023
73300 13888
73400 13797
73500 13837
73600 13880
73700 13873
73800 13909
73900 14075
74000 13960
74100 14353
74200 13949
74300 13977
74400 14272
74500 14020
74600 13987
74700 14022
74800 14217
74900 14352
75000 14064
75100 14071
75200 14068
75300 14163
75400 14142
75500 14134
75600 14150
75700 14183
75800 14197
75900 14292
76000 14137
76100 14153
76200 14171
76300 14198
76400 14199
76500 14586
76600 14239
76700 14291
76800 14287
76900 14313
77000 14663
77100 14311
77200 14326
77300 14377
77400 14342
77500 14414
77600 14674
77700 14413
77800 14607
77900 14444
78000 14544
78100 14605
78200 14620
78300 14606
78400 14624
78500 14594
78600 14620
78700 14633
78800 14653
78900 14653
79000 14837
79100 14668
79200 14692
79300 14646
79400 14705
79500 14726
79600 14682
79700 14998
79800 14828
79900 14855
80000 14703
80100 14733
80200 14778
80300 14816
80400 14784
80500 14958
80600 14855
80700 14933
80800 14852
80900 14865
81000 14891
81100 14956
81200 14909
81300 14926
81400 14949
81500 15017
81600 15052
81700 14929
81800 15035
81900 15181
82000 15259
82100 15048
82200 15045
82300 15086
82400 15117
82500 15110
82600 15266
82700 15139
82800 15173
82900 15170
83000 15260
83100 15222
83200 15191
83300 15193
83400 15347
83500 15236
83600 15260
83700 15502
83800 15285
83900 15262
84000 15299
84100 15449
84200 15337
84300 15425
84400 15472
84500 15437
84600 15376
84700 15428
84800 15419
84900 15399
85000 15455
85100 15423
85200 15459
85300 15487
85400 16084
85500 15723
85600 15758
85700 15543
85800 15607
85900 15579
86000 15777
86100 15891
86200 15707
86300 15688
86400 15786
86500 15833
86600 16319
86700 15754
86800 15866
86900 15794
87000 15882
87100 15750
87200 16133
87300 16147
87400 15807
87500 15824
87600 15831
87700 16899
87800 15819
87900 15865
88000 15950
88100 15836
88200 15922
88300 15937
88400 15889
88500 15999
88600 15932
88700 15994
88800 16297
88900 16182
89000 15972
89100 16471
89200 16005
89300 16000
89400 16048
89500 16006
89600 16268
89700 16047
89800 16101
89900 16072
90000 16080
90100 16260
90200 16180
90300 16537
90400 16162
90500 16206
90600 16258
90700 16247
90800 16364
90900 16248
91000 16415
91100 16229
91200 16315
91300 16390
91400 16332
91500 16838
91600 16351
91700 16421
91800 16350
91900 16389
92000 16840
92100 16392
92200 16406
92300 16370
92400 16662
92500 16481
92600 16529
92700 16618
92800 17164
92900 16489
93000 16493
93100 16508
93200 16675
93300 16774
93400 16772
93500 16573
93600 16622
93700 16729
93800 16570
93900 16646
94000 16632
94100 16610
94200 16684
94300 16656
94400 17064
94500 16709
94600 16761
94700 16743
94800 16771
94900 16909
95000 16772
95100 16856
95200 16954
95300 16809
95400 16866
95500 16853
95600 16986
95700 16858
95800 16832
95900 16921
96000 17018
96100 16873
96200 16903
96300 16949
96400 16923
96500 16965
96600 17033
96700 17031
96800 16951
96900 16970
97000 17715
97100 17066
97200 16975
97300 17124
97400 16948
97500 17042
97600 17093
97700 17103
97800 17019
97900 17140
98000 17122
98100 17167
98200 17182
98300 17204
98400 17208
98500 17233
98600 17210
98700 17560
98800 17300
98900 17264
99000 17547
99100 17365
99200 17316
99300 17339
99400 17403
99500 17315
99600 17374
99700 17652
99800 17640
99900 17522
100000 17353
