500 240
600 330
700 369
800 494
900 436
1000 444
1100 556
1200 600
1300 668
1400 863
1500 803
1600 1028
1700 1032
1800 1160
1900 901
2000 941
2100 998
2200 1089
2300 1166
2400 1220
2500 1283
2600 1677
2700 1395
2800 1504
2900 1554
3000 1592
3100 1723
3200 1661
3300 1738
3400 1712
3500 1765
3600 1814
3700 1788
3800 1903
3900 1877
4000 1959
4100 1966
4200 2081
4300 2136
4400 2249
4500 2292
4600 2397
4700 4198
4800 2548
4900 2598
5000 2639
5100 2699
5200 2776
5300 2822
5400 2893
5500 2965
5600 3002
5700 3022
5800 3074
5900 3126
6000 3176
6100 3315
6200 3287
6300 3342
6400 3344
6500 3402
6600 3403
6700 3414
6800 3487
6900 3537
7000 3591
7100 3686
7200 3613
7300 3632
7400 3653
7500 3729
7600 3766
7700 3836
7800 3853
7900 3925
8000 3891
8100 3951
8200 3995
8300 4111
8400 4200
8500 4352
8600 4386
8700 4515
8800 4721
8900 4776
9000 4768
9100 4884
9200 4922
9300 4956
9400 5113
9500 5084
9600 5316
9700 5211
9800 5303
9900 5627
10000 5467
10100 5489
10200 5529
10300 5649
10400 5704
10500 5766
10600 5753
10700 6096
10800 5891
10900 5952
11000 6028
11100 6014
11200 6240
11300 6077
11400 6268
11500 6244
11600 6373
11700 6370
11800 6435
11900 6512
12000 6813
12100 6560
12200 6580
12300 6671
12400 7358
12500 7199
12600 7000
12700 6829
12800 6828
12900 6867
13000 6885
13100 7433
13200 6902
13300 7035
13400 7013
13500 7143
13600 7096
13700 7173
13800 7222
13900 7286
14000 7696
14100 7257
14200 7413
14300 7463
14400 7702
14500 7520
14600 7378
14700 7602
14800 7437
14900 7540
15000 7629
15100 7689
15200 7731
15300 7787
15400 7743
15500 7914
15600 7895
15700 8285
15800 7887
15900 7990
16000 8098
16100 8000
16200 8083
16300 8353
16400 8239
16500 8283
16600 8547
16700 8578
16800 8793
16900 8985
17000 8791
17100 8930
17200 8898
17300 9091
17400 9175
17500 9380
17600 9387
17700 9370
17800 9579
17900 9511
18000 9649
18100 9643
18200 9850
18300 9888
18400 10019
18500 10145
18600 10104
18700 10148
18800 10261
18900 10293
19000 10331
19100 10490
19200 10649
19300 10638
19400 10695
19500 10698
19600 10739
19700 10859
19800 10865
19900 11092
20000 11085
20100 11129
20200 11170
20300 11345
20400 11493
20500 11475
20600 11433
20700 11480
20800 11666
20900 11706
21000 11569
21100 11717
21200 11780
21300 11882
21400 11831
21500 11949
21600 13359
21700 12157
21800 12047
21900 12134
22000 12273
22100 12239
22200 12254
22300 12504
22400 12408
22500 12513
22600 12532
22700 12433
22800 12577
22900 12607
23000 12635
23100 12787
23200 12763
23300 13025
23400 12938
23500 12879
23600 13160
23700 13172
23800 13138
23900 13098
24000 13262
24100 13974
24200 13321
24300 13425
24400 13277
24500 13468
24600 13477
24700 13773
24800 13706
24900 13637
25000 13614
25100 13632
25200 13809
25300 13775
25400 14133
25500 13766
25600 13829
25700 14064
25800 13877
25900 14041
26000 14010
26100 14354
26200 14229
26300 14207
26400 14081
26500 14172
26600 14318
26700 14156
26800 14229
26900 14283
27000 14346
27100 14362
27200 14815
27300 14510
27400 15013
27500 14611
27600 14971
27700 15189
27800 14784
27900 14849
28000 14728
28100 14828
28200 14862
28300 14789
28400 14933
28500 14975
28600 14955
28700 15042
28800 14956
28900 14934
29000 15132
29100 15226
29200 15020
29300 15515
29400 15184
29500 15177
29600 15163
29700 15504
29800 15651
29900 15557
30000 15852
30100 15765
30200 15591
30300 16093
30400 15672
30500 15714
30600 15724
30700 15708
30800 15818
30900 15898
31000 15887
31100 16044
31200 15957
31300 15996
31400 16060
31500 16016
31600 16105
31700 16256
31800 16478
31900 16158
32000 16128
32100 16253
32200 16242
32300 16560
32400 16835
32500 16504
32600 16499
32700 16741
32800 16570
32900 16700
33000 16931
33100 16939
33200 17124
33300 17329
33400 17421
33500 17467
33600 17508
33700 17647
33800 17699
33900 17689
34000 18172
34100 18349
34200 18321
34300 18152
34400 18469
34500 18557
34600 18306
34700 18621
34800 18599
34900 19046
35000 18926
35100 18870
35200 18869
35300 19056
35400 19108
35500 19118
35600 19368
35700 19276
35800 19369
35900 19360
36000 19500
36100 20438
36200 19686
36300 19805
36400 20053
36500 20324
36600 21075
36700 20101
36800 20262
36900 20741
37000 20487
37100 20502
37200 20521
37300 20855
37400 20672
37500 21027
37600 20873
37700 20809
37800 20959
37900 21276
38000 21093
38100 21629
38200 21460
38300 21425
38400 21334
38500 21404
38600 21496
38700 21615
38800 22084
38900 21740
39000 21868
39100 21857
39200 21880
39300 22083
39400 21992
39500 22237
39600 22198
39700 22089
39800 22216
39900 22539
40000 22609
40100 22436
40200 22649
40300 22455
40400 22894
40500 22849
40600 22815
40700 22837
40800 23194
40900 23026
41000 23094
41100 23164
41200 23131
41300 23276
41400 23256
41500 23241
41600 23489
41700 23442
41800 23396
41900 23480
42000 23799
42100 23613
42200 23601
42300 24795
42400 23923
42500 23761
42600 24168
42700 23973
42800 23995
42900 24135
43000 24241
43100 24779
43200 24196
43300 24416
43400 24437
43500 24576
43600 24750
43700 24474
43800 24625
43900 24916
44000 24637
44100 24999
44200 24854
44300 25271
44400 24959
44500 25061
44600 25265
44700 25159
44800 25730
44900 25155
45000 25710
45100 25368
45200 25281
45300 25542
45400 25322
45500 25403
45600 25520
45700 25610
45800 25517
45900 25715
46000 25640
46100 25957
46200 25675
46300 25964
46400 25875
46500 25967
46600 26370
46700 26096
46800 25982
46900 26189
47000 26310
47100 26660
47200 26471
47300 26362
47400 26427
47500 26569
47600 26574
47700 26553
47800 26749
47900 26666
48000 26944
48100 26890
48200 26774
48300 27145
48400 27005
48500 26885
48600 26984
48700 27168
48800 27021
48900 27132
49000 27441
49100 27572
49200 27463
49300 27457
49400 27464
49500 27573
49600 27932
49700 27576
49800 27980
49900 27686
50000 27732
50100 27676
50200 27768
50300 27817
50400 28097
50500 27912
50600 27936
50700 28110
50800 27935
50900 27960
51000 27964
51100 28137
51200 28139
51300 28218
51400 28292
51500 28269
51600 28392
51700 28662
51800 28353
51900 28379
52000 28708
52100 28590
52200 28501
52300 28401
52400 28575
52500 29313
52600 28472
52700 28669
52800 28591
52900 28700
53000 28752
53100 28708
53200 28811
53300 29172
53400 28922
53500 28981
53600 29032
53700 28885
53800 28972
53900 29331
54000 29260
54100 29187
54200 29227
54300 29762
54400 29349
54500 29329
54600 29583
54700 29672
54800 29682
54900 29631
55000 29978
55100 29958
55200 29948
55300 29850
55400 29888
55500 30572
55600 29956
55700 29940
55800 30187
55900 30007
56000 30347
56100 30435
56200 30039
56300 30194
56400 30354
56500 30455
56600 30502
56700 30260
56800 30429
56900 30692
57000 30480
57100 30514
57200 30601
57300 30661
57400 30697
57500 30858
57600 30719
57700 30522
57800 30555
57900 30557
58000 30658
58100 30550
58200 30698
58300 30738
58400 30732
58500 42885
58600 30742
58700 30973
58800 30700
58900 30770
59000 31133
59100 30931
59200 30937
59300 31119
59400 31053
59500 31438
59600 31087
59700 31803
59800 31370
59900 31460
60000 31460
60100 31542
60200 31891
60300 31646
60400 32002
60500 31748
60600 32106
60700 32060
60800 31759
60900 31960
61000 32606
61100 31901
61200 32068
61300 32526
61400 32000
61500 32156
61600 32338
61700 32510
61800 33433
61900 32779
62000 32316
62100 32541
62200 32563
62300 32302
62400 32426
62500 32477
62600 32667
62700 32910
62800 32677
62900 32791
63000 33362
63100 33269
63200 33036
63300 32903
63400 33145
63500 33089
63600 32972
63700 33142
63800 33016
63900 33012
64000 32905
64100 32994
64200 33194
64300 33352
64400 33267
64500 33348
64600 33460
64700 33234
64800 34038
64900 33473
65000 34016
65100 33416
65200 33787
65300 33590
65400 33982
65500 33623
65600 33982
65700 34039
65800 34287
65900 34386
66000 34619
66100 34660
66200 34651
66300 34853
66400 35375
66500 35368
66600 35220
66700 35242
66800 35679
66900 35440
67000 35584
67100 35850
67200 35745
67300 35638
67400 35993
67500 36316
67600 35967
67700 36289
67800 36180
67900 36373
68000 36360
68100 39988
68200 36748
68300 37393
68400 37052
68500 36952
68600 36963
68700 37319
68800 37156
68900 37318
69000 37524
69100 37534
69200 37506
69300 37817
69400 37533
69500 37816
69600 37661
69700 38172
69800 37881
69900 38106
70000 38294
70100 38245
70200 38161
70300 39034
70400 38757
70500 38884
70600 39081
70700 38687
70800 39039
70900 39195
71000 39992
71100 39429
71200 40140
71300 39082
71400 39248
71500 39260
71600 39754
71700 39786
71800 40063
71900 39884
72000 40242
72100 40115
72200 40280
72300 40207
72400 40757
72500 40610
72600 40566
72700 40346
72800 40852
72900 40653
73000 40620
73100 41153
73200 41385
73300 41131
73400 41098
73500 41618
73600 41337
73700 41638
73800 41474
73900 41684
74000 41718
74100 41776
74200 41501
74300 41956
74400 41866
74500 41930
74600 41872
74700 41962
74800 42309
74900 42096
75000 42375
75100 42294
75200 42380
75300 42472
75400 42331
75500 43157
75600 43092
75700 42825
75800 43553
75900 43094
76000 42949
76100 43088
76200 42973
76300 43142
76400 43335
76500 43434
76600 43568
76700 43388
76800 43536
76900 43585
77000 44018
77100 44013
77200 43940
77300 44013
77400 44290
77500 44153
77600 44187
77700 44254
77800 44392
77900 45250
78000 44270
78100 44473
78200 44321
78300 44468
78400 44593
78500 44759
78600 44694
78700 44703
78800 45202
78900 44739
79000 44946
79100 45042
79200 44987
79300 46471
79400 45257
79500 45503
79600 45315
79700 45332
79800 45461
79900 45806
80000 45757
80100 46116
80200 45582
80300 45636
80400 46110
80500 45879
80600 45925
80700 46091
80800 46540
80900 46108
81000 46296
81100 46337
81200 46336
81300 46445
81400 46976
81500 46711
81600 47132
81700 46712
81800 46647
81900 46811
82000 47012
82100 47445
82200 47024
82300 47022
82400 47245
82500 47547
82600 47121
82700 46857
82800 47232
82900 47450
83000 47460
83100 47401
83200 48259
83300 47707
83400 47494
83500 47656
83600 47646
83700 47766
83800 47678
83900 47984
84000 48384
84100 48562
84200 48079
84300 48179
84400 48391
84500 48353
84600 49097
84700 48479
84800 48409
84900 48677
85000 48599
85100 48664
85200 48623
85300 48644
85400 48679
85500 48796
85600 48906
85700 48997
85800 48959
85900 49726
86000 49438
86100 50405
86200 49242
86300 49447
86400 49285
86500 49265
86600 49560
86700 49635
86800 49509
86900 49447
87000 50053
87100 49787
87200 49881
87300 50846
87400 49954
87500 50408
87600 50737
87700 50998
87800 50221
87900 50129
88000 50316
88100 50222
88200 50496
88300 50490
88400 50594
88500 50426
88600 50826
88700 50888
88800 50975
88900 51254
89000 51214
89100 51844
89200 50934
89300 51114
89400 51097
89500 51263
89600 51223
89700 51395
89800 51560
89900 51417
90000 51482
90100 51502
90200 51324
90300 51562
90400 51473
90500 51316
90600 51321
90700 52024
90800 52068
90900 51774
91000 52459
91100 51490
91200 51733
91300 51948
91400 52025
91500 51904
91600 52005
91700 52371
91800 52090
91900 52396
92000 52360
92100 53121
92200 53266
92300 52773
92400 53183
92500 52692
92600 52971
92700 52939
92800 53009
92900 53290
93000 53067
93100 53198
93200 53095
93300 53199
93400 53391
93500 53334
93600 53782
93700 53450
93800 53587
93900 53561
94000 53634
94100 53748
94200 53691
94300 54039
94400 54245
94500 53888
94600 53782
94700 53689
94800 53980
94900 53779
95000 54178
95100 53658
95200 54056
95300 54231
95400 55003
95500 54547
95600 54377
95700 54523
95800 54617
95900 54322
96000 54616
96100 54498
96200 54930
96300 54980
96400 54674
96500 54769
96600 55205
96700 59566
96800 55783
96900 55325
97000 59364
97100 55975
97200 55444
97300 56372
97400 55209
97500 55123
97600 55177
97700 55238
97800 55367
97900 55545
98000 55697
98100 55352
98200 55698
98300 56086
98400 56047
98500 55732
98600 56152
98700 56048
98800 56276
98900 56054
99000 56261
99100 56103
99200 56175
99300 56222
99400 56625
99500 56339
99600 56240
99700 56680
99800 56806
99900 57566
100000 56624
