500 271
600 367
700 439
800 461
900 510
1000 524
1100 624
1200 705
1300 766
1400 808
1500 866
1600 935
1700 965
1800 1224
1900 1120
2000 1087
2100 1175
2200 1257
2300 1328
2400 1389
2500 1491
2600 1546
2700 1829
2800 1764
2900 1826
3000 1978
3100 2405
3200 1964
3300 1998
3400 2021
3500 2051
3600 2072
3700 2147
3800 2181
3900 2306
4000 2257
4100 2446
4200 2473
4300 2501
4400 2605
4500 2685
4600 2749
4700 2835
4800 2920
4900 2954
5000 3012
5100 3105
5200 3198
5300 3290
5400 3302
5500 3347
5600 3422
5700 3802
5800 3535
5900 3647
6000 3668
6100 3705
6200 3795
6300 3884
6400 3907
6500 3895
6600 3964
6700 3998
6800 4025
6900 4159
7000 4221
7100 4245
7200 4259
7300 4290
7400 4343
7500 4390
7600 4492
7700 4492
7800 4573
7900 4551
8000 4647
8100 4676
8200 4718
8300 4839
8400 5045
8500 5078
8600 5160
8700 5256
8800 5342
8900 5614
9000 5514
9100 5563
9200 5755
9300 5979
9400 5787
9500 5914
9600 6296
9700 6127
9800 6123
9900 6270
10000 6603
10100 6453
10200 6429
10300 6591
10400 6571
10500 6665
10600 6702
10700 6736
10800 6809
10900 7046
11000 7287
11100 6943
11200 7111
11300 7108
11400 11823
11500 7256
11600 7309
11700 7484
11800 7477
11900 7498
12000 7565
12100 7559
12200 7752
12300 7735
12400 7836
12500 7926
12600 8155
12700 7958
12800 7980
12900 7951
13000 8044
13100 8120
13200 8488
13300 8205
13400 8286
13500 8423
13600 8365
13700 8412
13800 8466
13900 8717
14000 8569
14100 8663
14200 9021
14300 8952
14400 8869
14500 8830
14600 8853
14700 9208
14800 9110
14900 9046
15000 8989
15100 9115
15200 9082
15300 9152
15400 9308
15500 9467
15600 9589
15700 9395
15800 9385
15900 9456
16000 9467
16100 9736
16200 9670
16300 9754
16400 9771
16500 9996
16600 10020
16700 10154
16800 10323
16900 10338
17000 10468
17100 10520
17200 10654
17300 10834
17400 10857
17500 10935
17600 11028
17700 11097
17800 11435
17900 11285
18000 11434
18100 12048
18200 12078
18300 12190
18400 11868
18500 12144
18600 12151
18700 12467
18800 12303
18900 12095
19000 12216
19100 12320
19200 12305
19300 12848
19400 12629
19500 12554
19600 12852
19700 12981
19800 12896
19900 13205
20000 13033
20100 13045
20200 13038
20300 13131
20400 13129
20500 13494
20600 13365
20700 13382
20800 13521
20900 13527
21000 13792
21100 13711
21200 13683
21300 13832
21400 13859
21500 13956
21600 14186
21700 14399
21800 14055
21900 14228
22000 14364
22100 14386
22200 14422
22300 14349
22400 14448
22500 14580
22600 14648
22700 14630
22800 14772
22900 14884
23000 14803
23100 15358
23200 15031
23300 15169
23400 15328
23500 15228
23600 15333
23700 15713
23800 15546
23900 15524
24000 15705
24100 15538
24200 15634
24300 15919
24400 16252
24500 18382
24600 16098
24700 15844
24800 16455
24900 15973
25000 16126
25100 16112
25200 16205
25300 16728
25400 16387
25500 16535
25600 16383
25700 16720
25800 16443
25900 16492
26000 17094
26100 16849
26200 16778
26300 16594
26400 16782
26500 16736
26600 16793
26700 16811
26800 17185
26900 17119
27000 16924
27100 17228
27200 17129
27300 17506
27400 17167
27500 17434
27600 17415
27700 18021
27800 17456
27900 17560
28000 17599
28100 17577
28200 17566
28300 17738
28400 17797
28500 17918
28600 17944
28700 18005
28800 18137
28900 18068
29000 18134
29100 18118
29200 18313
29300 18090
29400 18281
29500 18404
29600 18224
29700 18375
29800 18359
29900 18474
30000 18422
30100 18860
30200 18525
30300 18689
30400 18847
30500 18789
30600 18867
30700 18914
30800 19137
30900 19346
31000 18902
31100 19143
31200 19257
31300 19288
31400 19194
31500 19724
31600 19423
31700 19416
31800 19484
31900 19581
32000 19598
32100 19539
32200 19545
32300 19612
32400 19761
32500 19905
32600 19913
32700 19972
32800 19835
32900 20175
33000 20204
33100 20513
33200 20424
33300 20961
33400 20926
33500 20701
33600 20796
33700 21134
33800 21225
33900 21162
34000 21271
34100 21498
34200 21509
34300 21592
34400 21727
34500 21924
34600 22233
34700 22391
34800 22165
34900 22547
35000 22541
35100 22434
35200 22907
35300 22765
35400 22779
35500 22750
35600 22844
35700 23139
35800 23417
35900 23132
36000 23350
36100 23270
36200 23519
36300 23474
36400 23595
36500 23643
36600 23690
36700 23789
36800 24045
36900 23950
37000 24260
37100 24194
37200 24339
37300 24374
37400 24459
37500 24514
37600 24882
37700 25081
37800 25031
37900 25398
38000 26358
38100 24796
38200 25067
38300 25058
38400 24924
38500 25151
38600 25151
38700 25408
38800 25334
38900 26051
39000 25650
39100 25494
39200 25806
39300 25801
39400 25910
39500 25857
39600 26112
39700 26061
39800 26336
39900 26336
40000 26445
40100 26377
40200 26487
40300 26512
40400 26608
40500 26613
40600 26792
40700 26830
40800 27082
40900 27052
41000 27148
41100 27079
41200 27224
41300 27470
41400 27272
41500 27283
41600 27411
41700 27589
41800 27575
41900 27885
42000 27794
42100 27825
42200 28019
42300 27888
42400 27886
42500 28414
42600 28016
42700 28007
42800 28321
42900 28369
43000 28365
43100 28653
43200 28434
43300 28518
43400 28652
43500 28704
43600 28726
43700 28861
43800 29010
43900 28919
44000 28874
44100 29472
44200 29894
44300 29281
44400 29496
44500 29274
44600 29500
44700 29441
44800 29617
44900 29541
45000 29775
45100 29800
45200 30184
45300 30060
45400 29949
45500 30405
45600 30012
45700 30055
45800 30435
45900 30332
46000 30262
46100 30330
46200 30483
46300 30762
46400 30676
46500 30624
46600 30625
46700 31004
46800 30852
46900 30944
47000 30894
47100 31176
47200 31058
47300 31141
47400 31223
47500 31375
47600 31529
47700 31415
47800 31441
47900 31556
48000 31702
48100 31525
48200 31580
48300 31954
48400 31887
48500 31894
48600 31966
48700 32205
48800 32689
48900 32104
49000 32223
49100 32184
49200 32382
49300 32457
49400 32825
49500 32899
49600 32684
49700 32459
49800 32690
49900 32723
50000 32863
50100 32884
50200 32973
50300 32910
50400 33505
50500 33566
50600 33170
50700 33075
50800 33063
50900 33428
51000 33437
51100 33446
51200 37675
51300 33495
51400 33488
51500 33817
51600 33470
51700 33769
51800 33684
51900 33656
52000 33719
52100 33817
52200 33987
52300 33851
52400 34081
52500 34083
52600 34067
52700 33987
52800 34194
52900 34148
53000 34259
53100 34431
53200 34195
53300 34499
53400 34534
53500 34970
53600 34492
53700 34568
53800 34759
53900 34781
54000 34729
54100 34801
54200 34779
54300 34955
54400 34820
54500 34992
54600 34986
54700 35283
54800 35390
54900 35398
55000 35260
55100 35497
55200 35768
55300 35435
55400 35501
55500 36052
55600 35664
55700 35739
55800 35739
55900 35825
56000 35936
56100 35704
56200 35949
56300 35973
56400 35957
56500 36013
56600 36043
56700 36424
56800 36336
56900 36220
57000 36380
57100 36326
57200 36477
57300 36440
57400 36464
57500 36638
57600 36879
57700 36692
57800 36687
57900 36780
58000 36827
58100 37030
58200 36856
58300 36903
58400 36920
58500 36904
58600 37478
58700 37233
58800 37044
58900 37140
59000 36993
59100 37528
59200 37203
59300 37380
59400 37167
59500 37423
59600 37417
59700 37715
59800 37570
59900 37509
60000 37699
60100 38088
60200 37870
60300 37830
60400 38075
60500 38341
60600 37917
60700 38296
60800 38082
60900 38109
61000 38618
61100 38820
61200 38191
61300 38401
61400 39295
61500 38567
61600 38595
61700 38815
61800 38530
61900 39578
62000 38949
62100 38730
62200 38894
62300 39004
62400 38981
62500 38989
62600 39074
62700 39464
62800 39911
62900 39159
63000 39496
63100 39257
63200 39595
63300 39644
63400 39535
63500 39773
63600 39570
63700 39624
63800 39655
63900 39789
64000 39619
64100 39803
64200 40043
64300 39961
64400 39878
64500 40104
64600 40116
64700 40469
64800 40086
64900 41052
65000 40165
65100 40279
65200 40350
65300 40395
65400 40556
65500 40661
65600 40727
65700 40989
65800 41174
65900 41622
66000 41295
66100 41576
66200 41442
66300 41680
66400 41829
66500 41893
66600 42205
66700 42570
66800 42421
66900 42414
67000 42490
67100 42660
67200 42584
67300 42856
67400 43100
67500 42914
67600 43092
67700 43209
67800 43231
67900 43388
68000 43482
68100 43649
68200 43900
68300 43683
68400 43850
68500 44801
68600 44480
68700 44288
68800 44162
68900 44318
69000 44519
69100 44846
69200 44889
69300 45196
69400 45774
69500 45537
69600 45240
69700 45306
69800 45468
69900 45530
70000 45576
70100 45649
70200 45775
70300 46185
70400 45885
70500 46228
70600 46059
70700 46088
70800 46297
70900 46317
71000 48913
71100 46374
71200 46618
71300 46645
71400 46856
71500 46949
71600 47064
71700 47431
71800 47296
71900 47221
72000 47276
72100 47441
72200 47559
72300 47544
72400 47936
72500 47686
72600 48151
72700 48029
72800 48457
72900 48389
73000 48700
73100 48487
73200 48356
73300 48663
73400 48579
73500 48711
73600 49701
73700 48858
73800 49204
73900 48923
74000 49127
74100 49160
74200 49498
74300 49632
74400 49576
74500 49465
74600 49515
74700 49828
74800 49817
74900 49621
75000 49855
75100 49963
75200 50427
75300 50221
75400 50319
75500 50299
75600 50133
75700 50522
75800 50934
75900 50597
76000 50573
76100 50636
76200 50756
76300 50796
76400 50821
76500 50961
76600 51270
76700 51174
76800 51542
76900 51516
77000 51564
77100 52571
77200 51753
77300 51722
77400 51602
77500 52343
77600 51827
77700 51888
77800 51928
77900 52130
78000 52175
78100 52069
78200 52173
78300 52725
78400 52608
78500 52694
78600 52590
78700 52596
78800 52878
78900 52896
79000 52796
79100 52943
79200 53177
79300 53252
79400 53232
79500 53228
79600 53779
79700 53428
79800 53881
79900 53440
80000 53915
80100 53766
80200 54071
80300 53864
80400 54167
80500 54185
80600 54633
80700 54286
80800 54162
80900 54223
81000 55005
81100 54456
81200 54855
81300 55060
81400 56290
81500 54883
81600 55271
81700 55050
81800 55136
81900 55195
82000 55256
82100 55306
82200 55641
82300 55566
82400 55725
82500 55485
82600 55646
82700 55551
82800 55750
82900 56405
83000 56235
83100 55662
83200 56366
83300 59166
83400 56175
83500 56208
83600 56386
83700 56330
83800 56389
83900 56598
84000 56454
84100 56378
84200 56540
84300 56681
84400 56613
84500 56849
84600 56847
84700 56884
84800 56916
84900 56894
85000 57044
85100 57890
85200 57350
85300 57451
85400 57376
85500 57660
85600 57535
85700 57593
85800 57738
85900 58084
86000 57834
86100 58310
86200 57957
86300 57876
86400 58200
86500 58209
86600 58205
86700 58419
86800 58317
86900 58883
87000 58700
87100 58751
87200 58523
87300 58692
87400 58815
87500 59147
87600 59475
87700 59060
87800 59256
87900 58902
88000 59051
88100 59341
88200 59908
88300 59691
88400 59534
88500 59540
88600 59958
88700 59850
88800 59736
88900 59744
89000 59895
89100 59971
89200 59832
89300 60073
89400 60231
89500 60279
89600 60475
89700 60860
89800 60263
89900 60354
90000 60468
90100 60540
90200 60532
90300 60700
90400 60319
90500 60896
90600 60657
90700 61135
90800 61043
90900 61001
91000 61004
91100 61257
91200 61620
91300 61224
91400 61689
91500 61670
91600 61627
91700 61446
91800 61756
91900 61646
92000 61835
92100 61650
92200 62047
92300 61997
92400 62522
92500 62069
92600 62231
92700 62193
92800 62947
92900 62321
93000 62417
93100 62373
93200 62504
93300 62636
93400 62717
93500 62700
93600 63010
93700 63017
93800 64097
93900 63187
94000 62985
94100 63334
94200 63193
94300 63543
94400 63307
94500 63307
94600 63679
94700 63659
94800 63540
94900 63547
95000 64966
95100 63870
95200 64115
95300 64004
95400 64013
95500 64182
95600 64464
95700 64428
95800 64470
95900 64203
96000 64265
96100 64421
96200 64918
96300 64526
96400 64610
96500 64719
96600 65012
96700 64740
96800 65040
96900 65053
97000 65229
97100 65505
97200 65281
97300 65245
97400 65308
97500 65101
97600 65300
97700 65167
97800 65704
97900 65532
98000 65807
98100 65632
98200 65869
98300 65919
98400 65898
98500 66181
98600 66525
98700 66070
98800 66281
98900 66146
99000 66120
99100 66277
99200 66364
99300 66982
99400 66489
99500 66414
99600 66762
99700 67084
99800 66902
99900 68106
100000 67285
