500 241
600 330
700 376
800 405
900 440
1000 494
1100 554
1200 650
1300 677
1400 757
1500 793
1600 828
1700 1044
1800 1514
1900 936
2000 965
2100 1045
2200 1134
2300 1205
2400 1266
2500 1347
2600 1403
2700 1585
2800 1652
2900 1615
3000 1717
3100 1715
3200 1927
3300 1763
3400 1785
3500 1832
3600 1921
3700 1891
3800 2110
3900 1992
4000 2058
4100 2033
4200 2159
4300 2236
4400 2341
4500 2421
4600 2481
4700 2806
4800 2583
4900 2644
5000 2705
5100 2858
5200 2869
5300 3020
5400 2933
5500 3007
5600 3097
5700 3329
5800 3197
5900 3232
6000 3288
6100 3374
6200 3553
6300 3545
6400 3448
6500 3479
6600 3517
6700 3571
6800 3581
6900 3682
7000 3741
7100 3720
7200 3753
7300 3780
7400 3848
7500 4001
7600 3945
7700 3981
7800 4017
7900 4029
8000 4195
8100 4083
8200 4128
8300 4419
8400 4382
8500 4490
8600 4726
8700 4620
8800 4769
8900 4826
9000 4857
9100 4972
9200 5069
9300 5197
9400 5129
9500 5279
9600 5208
9700 5390
9800 5648
9900 5539
10000 5575
10100 5977
10200 5706
10300 5938
10400 5754
10500 5821
10600 5848
10700 5936
10800 6176
10900 6094
11000 6347
11100 6214
11200 6252
11300 9272
11400 6558
11500 6345
11600 6422
11700 6511
11800 6558
11900 6902
12000 6928
12100 6617
12200 6769
12300 7069
12400 6912
12500 6904
12600 7275
12700 7121
12800 7057
12900 7177
13000 7370
13100 7198
13200 7132
13300 7201
13400 7307
13500 11842
13600 7353
13700 7307
13800 7514
13900 7555
14000 7506
14100 7545
14200 7504
14300 7580
14400 7704
14500 8207
14600 7630
14700 7841
14800 7710
14900 7949
15000 7873
15100 7888
15200 7968
15300 8090
15400 8374
15500 8153
15600 8183
15700 8065
15800 8053
15900 8250
16000 8226
16100 8267
16200 8191
16300 8284
16400 8866
16500 8927
16600 8790
16700 8808
16800 8849
16900 8989
17000 9010
17100 9217
17200 9225
17300 9338
17400 9354
17500 9590
17600 9552
17700 9824
17800 9731
17900 9750
18000 9844
18100 9917
18200 9995
18300 10154
18400 10171
18500 10291
18600 10366
18700 10440
18800 10359
18900 10462
19000 10671
19100 10660
19200 10638
19300 10903
19400 11537
19500 10856
19600 11159
19700 11140
19800 11156
19900 11213
20000 11196
20100 11327
20200 11857
20300 11442
20400 11826
20500 11802
20600 11614
20700 11743
20800 11751
20900 12021
21000 11839
21100 11806
21200 11960
21300 11966
21400 11992
21500 12277
21600 12087
21700 12158
21800 12696
21900 12404
22000 12479
22100 12396
22200 12469
22300 13194
22400 12560
22500 12634
22600 12715
22700 13151
22800 13166
22900 12894
23000 13049
23100 13187
23200 13165
23300 13251
23400 13148
23500 13176
23600 13375
23700 13849
23800 13565
23900 13525
24000 13465
24100 13835
24200 13722
24300 13686
24400 13704
24500 14154
24600 13829
24700 13931
24800 14086
24900 13956
25000 14097
25100 14072
25200 14194
25300 14387
25400 14225
25500 14325
25600 14409
25700 14238
25800 14359
25900 14293
26000 14622
26100 14422
26200 14580
26300 14487
26400 14513
26500 14524
26600 14898
26700 14531
26800 15064
26900 14612
27000 14744
27100 14718
27200 15033
27300 14911
27400 15228
27500 15207
27600 14991
27700 15225
27800 15123
27900 15203
28000 15549
28100 15213
28200 15165
28300 15780
28400 15427
28500 15373
28600 15884
28700 15788
28800 15481
28900 15538
29000 15615
29100 15703
29200 15858
29300 15562
29400 15724
29500 15705
29600 15637
29700 15717
29800 15808
29900 16156
30000 16019
30100 16153
30200 16125
30300 16002
30400 16195
30500 16344
30600 16342
30700 16728
30800 16313
30900 16775
31000 16480
31100 16450
31200 16700
31300 16889
31400 16636
31500 16927
31600 17222
31700 16589
31800 16682
31900 16830
32000 16713
32100 16759
32200 16904
32300 16922
32400 17026
32500 16934
32600 17027
32700 17137
32800 16944
32900 17497
33000 17531
33100 17724
33200 17773
33300 17796
33400 18202
33500 18014
33600 18142
33700 18106
33800 18295
33900 18428
34000 18813
34100 18483
34200 18506
34300 18724
34400 19243
34500 19197
34600 19158
34700 19324
34800 19178
34900 19353
35000 19167
35100 19512
35200 19428
35300 19544
35400 20328
35500 19985
35600 20226
35700 19986
35800 20074
35900 20409
36000 20166
36100 20502
36200 20594
36300 20348
36400 20381
36500 20576
36600 20672
36700 20824
36800 21033
36900 21260
37000 21419
37100 21635
37200 20762
37300 20977
37400 21201
37500 21312
37600 21031
37700 21908
37800 21392
37900 21300
38000 21275
38100 21555
38200 21417
38300 21751
38400 21701
38500 21866
38600 21965
38700 21696
38800 21943
38900 22326
39000 22329
39100 22126
39200 22426
39300 22400
39400 22539
39500 22594
39600 23466
39700 22569
39800 22693
39900 22761
40000 22813
40100 23073
40200 23016
40300 23050
40400 23140
40500 23111
40600 23570
40700 23689
40800 23419
40900 23387
41000 23685
41100 23395
41200 23601
41300 23563
41400 23677
41500 23571
41600 23683
41700 24465
41800 23783
41900 23924
42000 24012
42100 24066
42200 24036
42300 24067
42400 24275
42500 24120
42600 24232
42700 24236
42800 24355
42900 24447
43000 24602
43100 24563
43200 24523
43300 24622
43400 25106
43500 24816
43600 25520
43700 24880
43800 24980
43900 25186
44000 25265
44100 25346
44200 25334
44300 25610
44400 25471
44500 26463
44600 25365
44700 25402
44800 25720
44900 25632
45000 26259
45100 25789
45200 25807
45300 25876
45400 25839
45500 25878
45600 25933
45700 26276
45800 25983
45900 26258
46000 26327
46100 26703
46200 26512
46300 26887
46400 26620
46500 26468
46600 26711
46700 26848
46800 26729
46900 26799
47000 26859
47100 27648
47200 26947
47300 27519
47400 27086
47500 27215
47600 27277
47700 27289
47800 27380
47900 27466
48000 27364
48100 27556
48200 27463
48300 27633
48400 27757
48500 27842
48600 27741
48700 27751
48800 27907
48900 28063
49000 28081
49100 28114
49200 28329
49300 28230
49400 28031
49500 28563
49600 28930
49700 28583
49800 28627
49900 28514
50000 28702
50100 28461
50200 28516
50300 28622
50400 28605
50500 28556
50600 28822
50700 28877
50800 28872
50900 28744
51000 28649
51100 29084
51200 29141
51300 29014
51400 28789
51500 40328
51600 28977
51700 29068
51800 29123
51900 29103
52000 29270
52100 29379
52200 29335
52300 29419
52400 29161
52500 29405
52600 29523
52700 29454
52800 29264
52900 29288
53000 29383
53100 29718
53200 29595
53300 30030
53400 29477
53500 29656
53600 29660
53700 30113
53800 29976
53900 29945
54000 30074
54100 29910
54200 30077
54300 30105
54400 29963
54500 30050
54600 30038
54700 30266
54800 30523
54900 30556
55000 30449
55100 30716
55200 30419
55300 30922
55400 30809
55500 31005
55600 30881
55700 30805
55800 31163
55900 31083
56000 30865
56100 31020
56200 31054
56300 30852
56400 30987
56500 31567
56600 31347
56700 31323
56800 31334
56900 31256
57000 31351
57100 31427
57200 31466
57300 31732
57400 31767
57500 31799
57600 31686
57700 31528
57800 31519
57900 31733
58000 31580
58100 31723
58200 31982
58300 31580
58400 31650
58500 44492
58600 31558
58700 32032
58800 31899
58900 32046
59000 32622
59100 31764
59200 31960
59300 32175
59400 32207
59500 32395
59600 32415
59700 32866
59800 32575
59900 32554
60000 33075
60100 32790
60200 32737
60300 33120
60400 32993
60500 32744
60600 32893
60700 32842
60800 33138
60900 33019
61000 33790
61100 33216
61200 33207
61300 33443
61400 33163
61500 33285
61600 33265
61700 33484
61800 33332
61900 33509
62000 33386
62100 33818
62200 33531
62300 33834
62400 33604
62500 33688
62600 34066
62700 34401
62800 34200
62900 33804
63000 33843
63100 33923
63200 33986
63300 33947
63400 34186
63500 34080
63600 34007
63700 33984
63800 34137
63900 34239
64000 34188
64100 34378
64200 34473
64300 34420
64400 34404
64500 34403
64600 34696
64700 34482
64800 34571
64900 34473
65000 35056
65100 34919
65200 34669
65300 34619
65400 34955
65500 34505
65600 35082
65700 35202
65800 35921
65900 35717
66000 35852
66100 35945
66200 35956
66300 36103
66400 36112
66500 36440
66600 36690
66700 36536
66800 36794
66900 36701
67000 36782
67100 37054
67200 37696
67300 37206
67400 37426
67500 37291
67600 37436
67700 37480
67800 38093
67900 37741
68000 37829
68100 37810
68200 37720
68300 38203
68400 38223
68500 38052
68600 38368
68700 38134
68800 38924
68900 38780
69000 38526
69100 38841
69200 39379
69300 39321
69400 39024
69500 39069
69600 40057
69700 39006
69800 39059
69900 39179
70000 39215
70100 39526
70200 39319
70300 39616
70400 39450
70500 39755
70600 39722
70700 39785
70800 40124
70900 45709
71000 40337
71100 40204
71200 40506
71300 40020
71400 40561
71500 40543
71600 49834
71700 40994
71800 40764
71900 40947
72000 41673
72100 41547
72200 41069
72300 41464
72400 41394
72500 41415
72600 41610
72700 41600
72800 42058
72900 41737
73000 41867
73100 42693
73200 42206
73300 43121
73400 41997
73500 42491
73600 42520
73700 42340
73800 42400
73900 42653
74000 42625
74100 42552
74200 42692
74300 42910
74400 43039
74500 42786
74600 42720
74700 42711
74800 43068
74900 42792
75000 43105
75100 43511
75200 43027
75300 44021
75400 43121
75500 43308
75600 43212
75700 43283
75800 43389
75900 43675
76000 43408
76100 43774
76200 43602
76300 43831
76400 44111
76500 43782
76600 45337
76700 44212
76800 44133
76900 44575
77000 44317
77100 44404
77200 44598
77300 44607
77400 44703
77500 44512
77600 44473
77700 44951
77800 45048
77900 44863
78000 45096
78100 44996
78200 45060
78300 45175
78400 45887
78500 45413
78600 45256
78700 45581
78800 45560
78900 45699
79000 45824
79100 45749
79200 46408
79300 46249
79400 46395
79500 46114
79600 46290
79700 46217
79800 46328
79900 46500
80000 46615
80100 46736
80200 46545
80300 46578
80400 46773
80500 46967
80600 46916
80700 46827
80800 46759
80900 47050
81000 47152
81100 47459
81200 47217
81300 47177
81400 47368
81500 47649
81600 47269
81700 47538
81800 47889
81900 47774
82000 47942
82100 47611
82200 47731
82300 47779
82400 47899
82500 47953
82600 48089
82700 48314
82800 48039
82900 48231
83000 48126
83100 48591
83200 48319
83300 48256
83400 48609
83500 48302
83600 48394
83700 48713
83800 49649
83900 48783
84000 48612
84100 59589
84200 48752
84300 48939
84400 49268
84500 49533
84600 49011
84700 49095
84800 49158
84900 49144
85000 49251
85100 49659
85200 49456
85300 49649
85400 49518
85500 49551
85600 49573
85700 49598
85800 49932
85900 49861
86000 49825
86100 50540
86200 50433
86300 50537
86400 50150
86500 50081
86600 50339
86700 50769
86800 50348
86900 50409
87000 50283
87100 50748
87200 50760
87300 50607
87400 50616
87500 50689
87600 50911
87700 50808
87800 51117
87900 51166
88000 51697
88100 51315
88200 51076
88300 51547
88400 51203
88500 51391
88600 51351
88700 51774
88800 51842
88900 51582
89000 51502
89100 51467
89200 51756
89300 51780
89400 51806
89500 52106
89600 51957
89700 52247
89800 52457
89900 52096
90000 52287
90100 52281
90200 52440
90300 52890
90400 52454
90500 53205
90600 52684
90700 52741
90800 53167
90900 52845
91000 53362
91100 52853
91200 53076
91300 53198
91400 53186
91500 53024
91600 53791
91700 53669
91800 53189
91900 53515
92000 53560
92100 53591
92200 53555
92300 53655
92400 53858
92500 53807
92600 53986
92700 53841
92800 54499
92900 54566
93000 54667
93100 54093
93200 54280
93300 54671
93400 54389
93500 54198
93600 55518
93700 54517
93800 55029
93900 54819
94000 54663
94100 54680
94200 54881
94300 55076
94400 55331
94500 54828
94600 55165
94700 55236
94800 55221
94900 55331
95000 55127
95100 55651
95200 55822
95300 55700
95400 55704
95500 56564
95600 55590
95700 55343
95800 55691
95900 55865
96000 56071
96100 55979
96200 56416
96300 56385
96400 55860
96500 56311
96600 56214
96700 73124
96800 56596
96900 56514
97000 56488
97100 56450
97200 56616
97300 59081
97400 56694
97500 56849
97600 56543
97700 57179
97800 56937
97900 56755
98000 57233
98100 57396
98200 57138
98300 57417
98400 57627
98500 57489
98600 57300
98700 57242
98800 57755
98900 57380
99000 57875
99100 57173
99200 57897
99300 57421
99400 57320
99500 57686
99600 57804
99700 58202
99800 57903
99900 57878
100000 57727
