100 1.06943
600 0.907399
1100 0.857316
1600 0.899298
2100 0.976843
2600 0.972214
3100 0.972214
3600 0.942507
4100 0.957986
4600 0.959533
5100 0.958869
5600 0.95138
6100 0.967432
6600 0.958956
7100 0.961259
7600 0.958142
8100 0.950609
8600 0.950734
9100 0.956188
9600 0.958035
10100 0.967401
10600 0.961207
11100 0.95382
11600 0.951261
12100 0.948913
12600 0.95138
13100 0.947723
13600 0.946479
14100 0.948081
14600 0.945578
15100 0.949679
15600 0.947285
16100 0.944436
16600 0.947615
17100 0.948335
17600 0.948461
18100 0.943745
18600 0.940852
19100 0.942691
19600 0.939476
20100 0.939806
20600 0.938705
21100 0.939039
21600 0.942507
22100 0.944059
22600 0.946833
23100 0.942753
23600 0.942141
24100 0.941151
24600 0.944549
25100 0.947424
25600 0.948288
26100 0.949491
26600 0.952477
27100 0.951047
27600 0.953897
28100 0.95526
28600 0.955897
29100 0.957848
29600 0.962689
30100 0.963816
30600 0.962682
31100 0.964711
31600 0.965445
32100 0.966156
32600 0.963565
33100 0.961346
33600 0.96498
34100 0.96366
34600 0.963784
35100 0.961965
35600 0.960744
36100 0.964134
36600 0.960526
37100 0.959111
37600 0.960061
38100 0.958945
38600 0.961383
39100 0.962019
39600 0.960184
40100 0.963243
40600 0.961198
41100 0.959677
41600 0.960061
42100 0.960667
42600 0.961716
43100 0.962063
43600 0.959726
44100 0.958545
44600 0.958917
45100 0.959064
45600 0.960061
46100 0.960825
46600 0.959487
47100 0.960035
47600 0.956691
48100 0.955639
48600 0.95581
49100 0.956175
49600 0.956533
50100 0.955525
50600 0.954537
51100 0.955281
51600 0.953937
52100 0.95206
52600 0.951512
53100 0.951158
53600 0.949178
54100 0.948852
54600 0.948175
55100 0.948217
55600 0.947733
56100 0.947952
56600 0.947994
57100 0.947355
57600 0.946558
58100 0.947113
58600 0.947825
59100 0.947045
59600 0.947582
60100 0.947625
60600 0.948149
61100 0.948028
61600 0.947593
62100 0.946852
62600 0.945812
63100 0.945713
63600 0.945157
64100 0.946581
64600 0.945726
65100 0.945033
65600 0.945389
66100 0.947357
66600 0.946813
67100 0.947582
67600 0.948052
68100 0.947373
68600 0.946987
69100 0.945763
69600 0.945813
70100 0.947111
70600 0.945774
71100 0.945003
71600 0.944378
72100 0.942413
72600 0.941815
73100 0.940959
73600 0.941171
74100 0.941775
74600 0.941197
75100 0.940109
75600 0.939035
76100 0.939381
76600 0.940864
77100 0.94132
77600 0.941644
78100 0.941342
78600 0.940425
79100 0.940749
79600 0.940824
80100 0.940413
80600 0.939404
81100 0.938288
81600 0.938853
82100 0.939293
82600 0.94067
83100 0.940508
83600 0.939884
84100 0.940076
84600 0.939002
85100 0.939654
85600 0.940639
86100 0.940597
86600 0.941116
87100 0.940513
87600 0.940361
88100 0.941204
88600 0.940063
89100 0.940352
89600 0.941615
90100 0.941245
90600 0.940343
91100 0.941052
91600 0.93963
92100 0.940123
92600 0.940506
93100 0.940886
93600 0.942715
94100 0.941425
94600 0.94056
95100 0.940215
95600 0.940484
96100 0.940043
96600 0.939706
97100 0.939473
97600 0.939939
98100 0.940897
98600 0.941055
99100 0.941311
99600 0.942052
