100 0.9633
600 0.968933
1100 0.960227
1600 0.968581
2100 0.956862
2600 0.9568
3100 0.962755
3600 0.965647
4100 0.964537
4600 0.963667
5100 0.957004
5600 0.955454
6100 0.954711
6600 0.953058
7100 0.950685
7600 0.954183
8100 0.95099
8600 0.953474
9100 0.9568
9600 0.957843
10100 0.95393
10600 0.955169
11100 0.955231
11600 0.954996
12100 0.954221
12600 0.952302
13100 0.951431
13600 0.951246
14100 0.949516
14600 0.95022
15100 0.94987
15600 0.949542
16100 0.948709
16600 0.947927
17100 0.9464
17600 0.945248
18100 0.946307
18600 0.947036
19100 0.94755
19600 0.94709
20100 0.947157
20600 0.948205
21100 0.947281
21600 0.946556
22100 0.947165
22600 0.945951
23100 0.945522
23600 0.944108
24100 0.943595
24600 0.944408
25100 0.94539
25600 0.944486
26100 0.944263
26600 0.944685
27100 0.944467
27600 0.945665
28100 0.945738
28600 0.945277
29100 0.945471
29600 0.945258
30100 0.945726
30600 0.946345
31100 0.947161
31600 0.94624
32100 0.946558
32600 0.945882
33100 0.945838
33600 0.946249
34100 0.947094
34600 0.947084
35100 0.946785
35600 0.946258
36100 0.945979
36600 0.94423
37100 0.944532
37600 0.945007
38100 0.944227
38600 0.944561
39100 0.944585
39600 0.943626
40100 0.943703
40600 0.944319
41100 0.944714
41600 0.944775
42100 0.944875
42600 0.944654
43100 0.944949
43600 0.945237
44100 0.944905
44600 0.94496
45100 0.944826
45600 0.944843
46100 0.944494
46600 0.944333
47100 0.944498
47600 0.944305
48100 0.944222
48600 0.943827
49100 0.943922
49600 0.943879
50100 0.943701
50600 0.943862
51100 0.943324
51600 0.942994
52100 0.94241
52600 0.942737
53100 0.943122
53600 0.943215
54100 0.943307
54600 0.943614
55100 0.943548
55600 0.943634
56100 0.943478
56600 0.944011
57100 0.943973
57600 0.94464
58100 0.944277
58600 0.944093
59100 0.944198
59600 0.944614
60100 0.944403
60600 0.943779
61100 0.944049
61600 0.943986
62100 0.944141
62600 0.94424
63100 0.944418
63600 0.944274
64100 0.94437
64600 0.944202
65100 0.944609
65600 0.944803
66100 0.945198
66600 0.945233
67100 0.945518
67600 0.94585
68100 0.945829
68600 0.945464
69100 0.944957
69600 0.944676
70100 0.944447
70600 0.9447
71100 0.944689
71600 0.944323
72100 0.944384
72600 0.943956
73100 0.943811
73600 0.943897
74100 0.944119
74600 0.944021
75100 0.943407
75600 0.943717
76100 0.94378
76600 0.944436
77100 0.944471
77600 0.944288
78100 0.944041
78600 0.944035
79100 0.944199
79600 0.944171
80100 0.944332
80600 0.944785
81100 0.944775
81600 0.94435
82100 0.944259
82600 0.944108
83100 0.944326
83600 0.94452
84100 0.944411
84600 0.944103
85100 0.944017
85600 0.943715
86100 0.943495
86600 0.943531
87100 0.943664
87600 0.943757
88100 0.943925
88600 0.943787
89100 0.943555
89600 0.943646
90100 0.943043
90600 0.943341
91100 0.943692
91600 0.943762
92100 0.943537
92600 0.943425
93100 0.943405
93600 0.943349
94100 0.943419
94600 0.943327
95100 0.943308
95600 0.943253
96100 0.943164
96600 0.943531
97100 0.943667
97600 0.943612
98100 0.943833
98600 0.943589
99100 0.943364
99600 0.943566
